3433
13638
2829
15901
2388
7603
8791
11519
14612
15877
636
6693
10332
15325
8468
6437
12924
8078
2851
9096
11426
13395
15366
9566
4549
2167
9656
3152
13773
13082
11074
11155
12997
2226
3284
10580
2103
9344
8562
4527
9688
13132
7811
15658
11889
4665
8070
6706
6177
1667
3157
8755
9832
768
4505
447
1351
10969
2204
15813
15946
10769
7192
707
6346
15568
6809
6698
3406
7986
6909
10908
15850
656
10579
7532
3239
4733
15260
13046
14711
14572
8676
5136
14736
8972
3434
7866
9094
1397
10746
15629
14024
16111
10003
188
7169
7508
15370
980
8914
5246
11458
1437
6995
15816
8548
3021
7934
10673
977
163
13911
8500
7475
16078
7237
9288
1451
339
9093
8215
14563
1230
7857
13270
10153
3094
2531
4185
11001
13314
5472
12305
822
6401
6147
7948
4231
7102
10004
1079
15848
13654
748
3117
1687
505
9924
1355
711
7686
5604
10269
5369
3834
10102
13696
7949
1644
12452
10955
6773
5232
9648
7322
5769
11590
10283
1078
7504
4409
1195
14221
8406
562
14566
12129
2583
5456
7353
7312
16247
2547
12588
7384
1409
11839
1994
2993
6549
150
7287
14268
4939
7645
14043
10184
8861
2435
8579
1853
5543
7694
9631
14060
3846
6555
9219
1521
2576
15349
11209
48
5824
9385
7590
2947
15799
739
267
6028
16005
11478
12891
2040
2980
8208
8014
4236
2282
15176
3444
1956
13855
436
5309
1499
4333
4924
15298
924
15035
3907
6566
5632
8578
10015
8270
11865
3620
15992
13175
635
11862
6441
4645
12209
9080
5591
15036
5359
431
13618
12723
3317
15929
1769
2142
1762
3695
5275
9802
7630
8168
15487
6416
3565
5790
10886
738
2655
13108
12354
3112
2923
2149
15340
10076
15096
9550
6331
14226
10293
15278
15239
8802
14489
12561
1997
2799
2785
11071
8499
5565
1892
12584
10095
14553
11166
15360
5893
9398
8016
11318
1784
3997
11512
3096
3463
5884
14417
12418
2848
13066
2016
11785
6580
7835
13413
2353
2940
13011
16358
16185
10736
1466
10429
8659
3806
9474
12732
15716
5534
3536
14957
11204
10276
3597
8824
13167
7594
8196
7464
1597
14504
11485
8911
15715
14450
6655
2410
6328
11465
3006
10417
8246
15545
14769
9865
13423
3861
11288
13924
3796
10209
9354
10351
12622
7182
10665
10827
181
5329
6477
11136
1803
7066
1863
7107
7424
7657
6819
13219
7919
11068
10685
5493
15074
3945
12938
6571
4105
13738
4156
15291
1391
11161
7370
13255
6312
15010
4892
11779
1622
15456
16131
14179
11206
4039
7502
1113
16356
457
5001
8012
423
13647
12132
12298
8044
6968
3479
12698
4545
2881
8033
1688
11232
11796
6510
12605
8413
8830
2927
4729
10056
14897
12717
2251
1012
10618
7380
15536
2516
5648
1061
256
10451
1635
7271
5616
14598
12424
3897
15655
13994
15940
6867
13330
7627
8065
5867
6630
14775
7824
11817
9824
9289
12974
1754
10470
3786
5491
3365
10422
10272
9527
8104
3711
493
9598
1780
10155
9286
10477
14890
8699
3427
83
2553
1294
2934
4771
9507
8974
6677
16272
1551
1716
6026
11825
3053
1316
11934
2461
8356
12631
16109
11720
2071
3612
3080
1223
3037
4952
6661
14708
1660
11028
5468
5594
11309
7465
8754
14950
13341
934
6282
13857
4937
2734
2714
6988
7565
6376
11
10656
15694
9263
13913
417
12775
14584
15893
2383
2181
12049
8622
13309
790
5522
3047
8358
8595
15663
13497
6837
5584
5992
4450
6627
7620
15259
8320
12734
4846
15515
5865
4379
14379
8615
15323
13451
5962
2989
11971
7086
426
6830
4415
15055
14196
14518
10166
11911
5908
10278
10976
11704
13118
2493
1452
10971
8527
6285
4888
2743
12856
2910
6393
11705
8662
6390
9509
15250
13404
15697
6380
3082
8870
151
13311
9610
5405
9370
13420
3052
12609
5048
4468
11594
14935
10072
4128
4111
3760
14479
15885
12221
5002
16080
8447
3799
16337
14297
14262
7796
8896
13614
4570
12669
16366
13239
15222
14734
2640
8099
11756
4233
13637
397
12663
14188
231
6662
11690
8377
9335
11369
12328
10482
8183
747
6803
13657
11556
10342
4064
9557
5928
13585
13176
5964
410
5111
15220
1025
3482
946
10793
4024
12030
5564
9670
5518
14547
15230
3488
1641
682
6681
8591
13412
3049
268
1707
16399
7712
845
7995
2174
1261
12627
11094
13964
6084
11791
7110
13172
5857
6205
14631
2779
8188
3879
16010
4281
3727
1904
14694
5313
11938
7513
13762
6804
11349
3170
6546
11807
1782
6368
14851
490
7692
12323
11038
273
8944
8011
9
14751
5827
14340
6895
1124
2237
7069
3845
15695
11304
13221
8411
15181
16329
829
8040
5903
9737
15320
11533
14663
2988
15252
8560
5189
15447
10150
2283
8820
494
12136
906
13173
5717
613
6178
15287
5213
12625
7534
7175
14633
10245
5413
4678
13875
6485
1725
13938
7003
15385
10556
14889
514
5019
12617
15193
1851
15362
10664
3448
2243
1646
1138
14949
1103
1381
921
13471
6771
7223
13392
565
7935
4318
13431
5722
7400
9545
10878
13605
7829
9966
1310
2510
7080
14523
2586
5143
7240
9053
1020
1617
10853
5012
15038
11855
8182
13584
14143
12946
2563
16136
15307
15935
15146
4523
2126
5399
6885
6182
13820
15600
15710
4154
11365
6495
9730
10738
1914
4765
5247
1192
8961
2484
10600
4479
990
10194
425
8055
14199
11488
5065
6227
8698
1731
3660
13897
13086
14351
5351
12666
6842
10925
3262
1368
5234
14189
5708
4132
11722
7566
8
11517
12639
13611
4049
4271
8145
16153
10525
11707
12743
6721
3592
2148
4648
1553
3802
3930
3041
3248
5725
3372
2400
2812
4030
7260
477
12098
4492
8941
9820
4037
3296
10806
1706
7009
9582
7612
9760
14639
7010
5163
11483
2013
11996
1241
7405
2511
857
5675
9346
5633
11997
5654
12802
5058
13179
69
15359
15261
865
12851
15495
8727
15018
836
9339
3492
16200
14273
7743
14017
1377
11800
11783
6335
1375
3557
2956
5941
15982
8630
9203
15903
4502
2426
9284
10965
14952
14569
12150
11295
9239
9045
8367
7063
16146
4964
7131
8600
1074
14003
9583
12810
11966
8359
6638
3828
2367
7417
3936
15396
11230
14742
12477
16143
10046
15293
12820
13207
15046
3702
221
2568
10075
1542
11435
3889
257
11004
3035
2048
7507
15016
5836
12444
2789
12736
3055
11680
14538
1874
12122
9930
11215
2340
9568
5650
4291
7936
2609
7898
10347
13525
9433
12921
13936
8422
15490
271
555
12193
4234
539
1991
15335
11650
11165
579
11311
5626
8149
4759
8229
111
14248
8086
9388
15037
11207
7085
7471
1555
14766
1547
10595
7662
15922
2965
15768
4416
10108
4552
8325
4749
1877
157
13484
10970
9825
1508
5980
15100
8296
624
12919
12447
5365
11854
3947
5985
14441
10222
1130
14130
578
10206
14168
14899
5061
2315
8645
6569
2219
11362
14937
11502
1479
889
14257
5803
1433
25
4470
10483
3484
10542
13622
897
7514
9946
12114
2240
2879
826
11177
10574
12979
11389
438
3740
13830
7999
98
8889
465
6678
10890
3872
7832
15778
11010
3696
5159
13372
3895
5180
5672
4912
6756
276
15841
14760
16324
5996
6594
6433
15751
736
9893
3616
15131
15829
1719
10859
6215
15856
3403
2867
6239
10913
16034
2500
11931
6704
7996
12565
3255
1717
14863
12563
9408
5637
9561
580
4850
2292
7454
5570
4831
13563
938
11106
272
14155
5008
11129
7256
4858
10111
11947
3953
1407
5482
1584
5078
13364
11754
2558
2872
11536
13074
15281
15628
4124
8092
6117
11317
8904
4117
8975
8415
2967
2183
11684
11961
10750
8314
16281
9040
8857
12978
8111
15274
13381
6067
8327
3782
10801
6012
11580
9804
12718
15747
16106
11134
2421
3613
5674
13966
3060
6535
4893
5678
616
9699
10704
455
8978
2115
12526
6651
13186
1313
7449
7180
5914
12350
5931
13630
15955
12256
15070
390
2200
14210
11221
1582
15285
8922
13641
7439
421
11333
597
538
13880
13026
14616
3185
3003
16015
4740
11500
9238
2627
9534
4835
4161
11561
7014
349
8364
956
1336
3490
6835
4372
6826
10271
7840
13486
2118
6267
10567
4844
12351
13892
1654
3153
6163
11223
2713
11907
9373
15964
5614
3800
8003
14462
4565
4818
4258
9439
7395
471
15106
15232
9877
12148
214
2780
9591
6095
13054
3809
783
5582
10559
2517
694
15949
1837
5508
8049
12385
6615
15088
14142
13268
14156
7836
4854
10803
1260
2143
1382
6998
2648
6840
5853
12410
15438
1064
5909
12930
5780
15688
11357
11330
7398
12751
7002
3966
2166
6219
4218
14727
12790
1058
5847
603
13690
11518
9910
6985
15512
1651
8204
598
4298
6977
10943
11784
2408
12195
4587
12908
11294
14652
14238
8767
2889
290
2116
9275
9952
9021
4186
119
3899
10461
6679
5069
2692
4670
4535
9270
12224
14852
16077
2392
1026
2861
13581
773
5972
1474
8225
16056
13204
2085
14011
5932
2002
10992
4507
10807
5515
11336
14780
2618
1214
9207
10510
1670
4350
6077
2953
8846
9796
10948
1015
14105
631
15173
13653
10589
9903
15648
12968
14253
64
3684
5486
8779
4312
3983
11664
8844
10027
8482
16157
3163
4878
2816
14431
7325
6623
359
4108
8807
4092
460
15128
3303
10400
1558
8668
15475
10139
4400
7621
306
14546
14825
10221
11914
4080
8019
15522
7221
2659
15938
14234
731
14577
13861
10363
709
6793
7381
1467
220
14846
15466
6529
4866
334
1637
808
1282
7843
11361
11367
10791
6642
15838
15205
12680
7961
12667
7362
10295
14245
8471
11427
9338
2617
15316
1567
12462
13276
11522
10584
1285
11792
5896
16384
10847
274
1222
6212
15977
11147
12950
11456
16040
10645
4246
15796
7038
542
5886
12619
10994
6504
16037
10708
5589
4981
3511
15961
5372
1905
7200
15457
3472
7033
7581
3089
13917
13953
13338
13941
6847
14720
3714
14041
1917
14958
10933
3783
8856
10317
24
1525
16137
7136
9164
4153
3517
6479
5386
303
1291
3963
8382
3498
12894
4702
10062
5116
11254
7090
11205
14821
9872
4859
14042
6958
7491
7017
1159
1686
8443
13297
7703
7283
14803
4996
619
18
11551
8612
12300
12558
1107
3461
7921
15086
4362
2441
8253
6690
7458
8850
818
7756
15558
9260
1206
9345
3408
3227
14799
825
9514
5437
11308
13399
13343
782
6357
1605
5253
7963
13968
12509
13802
593
11925
11020
10921
3334
497
5752
4798
13824
9405
3231
4934
6669
7932
14348
6801
9494
3673
11748
1694
5423
7794
5084
6644
11992
4875
14552
3856
11542
8395
8239
1839
3480
16197
4519
1629
8385
4032
9995
2931
13373
7974
9604
7219
10911
5257
12377
45
772
6660
12340
12889
3225
9736
11985
14617
12926
7416
6113
11994
9349
9511
361
5691
8835
13382
6090
16029
11350
9211
1359
11553
13862
10915
1808
470
13060
13912
16338
4532
7850
11263
11289
12068
4489
4915
2641
8514
11194
8760
2361
2922
1444
13810
5895
2813
2666
15912
14148
6881
3822
7571
13048
14883
11131
1114
14342
13564
6061
5295
15954
2817
11185
11547
10870
8908
13356
6115
3374
15721
7338
6703
15883
7633
4099
5613
14474
11183
8146
2234
13549
1156
4849
16258
3213
15262
3299
7174
2440
4610
7363
9539
5230
11292
10235
6330
2088
2003
15376
5704
1202
8629
7025
5240
3302
5682
6043
10960
8088
9957
15108
13739
811
14139
472
10064
15606
12843
4747
4646
3457
13529
14730
12299
11890
191
8289
16397
3437
13952
2492
13784
14220
8484
2313
128
9085
1431
4172
10962
12184
7121
8260
10273
3566
2378
12650
3546
6322
5688
13931
9880
6829
6466
15945
11646
2449
8642
7391
566
336
6715
14812
5617
3401
373
11649
11755
5373
11951
5551
2751
10964
14178
4404
10373
7780
11568
4266
1288
2654
2742
8061
6348
2667
2610
13758
5880
2136
3186
7870
2974
4711
7070
7750
11253
3843
9416
3807
7106
14126
2009
16267
6745
13141
7229
16135
11716
9941
8254
3615
12004
4213
5619
11242
14862
11214
7769
15851
11475
13741
13331
100
14136
7522
5101
49
11044
4902
6926
11967
7784
6452
14337
15212
14607
12289
3534
7259
16341
6034
11157
12484
1876
10270
3639
8376
13872
1232
559
6104
12727
4120
3641
7288
8281
12467
3249
14171
6216
2527
12840
3359
5417
8131
13943
13442
13675
848
13803
14894
9944
10277
15881
7469
8228
3107
2134
7876
3207
7165
9042
6557
6616
12388
5356
1992
4871
14634
2847
627
6544
15815
530
16075
6518
1946
11845
8933
15247
6899
14406
332
3278
4320
14346
6628
13547
12095
14198
5500
10550
4031
11735
10939
9341
1456
9629
16060
11418
8976
3630
7918
6769
9977
4542
1984
6838
9501
1679
3016
14719
12080
16118
8547
830
1781
3399
10983
7114
1602
7915
11682
10037
4908
4713
3860
7314
9272
9805
2962
10232
13823
8134
5681
3531
14050
14008
15783
14931
12155
12083
5127
9149
15525
14499
5145
8895
11687
1517
4347
13326
6591
5623
10374
15926
12446
1875
91
14965
5216
11386
740
12003
557
7895
9361
14701
13771
5266
12845
14908
7436
9306
966
9348
12039
11904
347
2581
14360
12929
2401
7855
285
10876
16339
13416
6933
864
7608
8305
10300
232
14212
14627
7830
1977
5610
5714
3091
479
11623
2487
8082
11413
5133
14550
13925
9062
12192
235
7697
5131
9724
4112
16309
4461
15839
13898
16112
5851
11575
10100
16196
3862
88
3166
15740
12514
13996
15769
3712
16033
743
2491
14250
14580
5497
3351
5834
6552
5485
3959
9626
14716
5392
5308
1868
10772
12681
13461
16312
8390
15617
10010
7860
12922
1399
3343
8903
2062
14501
4363
1314
13853
5042
3335
14364
1673
10800
13684
5786
11572
2332
8470
4081
210
6409
8476
15506
12551
6144
3
11278
12360
6220
13539
4962
5615
6807
7094
16274
14509
3265
8197
374
979
3468
1793
3410
14286
13899
13677
12175
15099
5634
7342
8308
1886
4589
11277
12933
679
3371
10256
3078
1986
8396
14606
689
15200
16098
12983
11059
6395
11942
904
1469
11449
8381
5910
12821
4543
4206
5005
12168
4741
5967
11343
6471
2317
6074
10508
6948
10616
12634
7561
716
9083
11255
10843
143
686
2034
13401
6434
12196
12358
4814
2005
10540
9265
12823
9505
9285
14817
6755
8984
1455
12419
15631
9166
10419
5442
12575
1610
8457
798
4308
2082
3297
16095
10716
2634
358
6516
13031
12562
14007
8966
5596
3625
15608
7367
3858
3623
10161
4133
1134
2399
14147
5686
14099
1979
10836
14779
8664
12277
15479
1639
6486
11569
9495
1931
15891
12488
2630
13184
1827
8094
1262
2185
9392
9442
7969
9197
11210
8007
13714
4760
5245
4028
5837
14023
10011
3814
1420
7663
10521
12333
1822
7729
12942
13144
9401
10952
376
1705
3745
7793
7289
3128
7205
12777
16391
15718
5013
12106
3176
4034
2699
2486
13468
11409
15387
1062
12465
11795
8928
5879
6013
589
955
15541
896
2550
8752
1178
7688
6057
14055
15673
10786
14484
10757
6037
1330
12364
13837
5963
12232
8032
3350
8378
9718
2557
14911
13695
6337
11030
9942
3577
208
10627
2802
15996
7988
9456
6128
1601
6991
8792
15713
14684
9829
12432
12905
5605
12573
9205
4174
5397
3950
8458
15991
5393
7068
6041
10047
2293
7735
879
3013
2339
803
15914
10287
2994
5484
473
6189
11640
7060
14144
6970
1928
1350
14551
9991
6883
11151
11033
3036
15867
12092
605
6001
1560
15186
3974
15061
5350
3743
6648
14919
9498
14735
16327
8795
6032
2320
16360
12636
4863
9936
282
15523
11281
4427
5496
560
10113
5642
4557
13145
15337
2999
12649
8124
3056
14488
4606
14815
12824
6070
8023
15069
7625
7604
5897
10884
9686
1662
15962
3215
1410
12064
5398
3098
14921
552
4704
10710
4590
1426
8916
4330
11752
15355
2391
3026
14772
1918
5976
1030
8868
16389
2957
14544
9116
2122
11072
10551
10242
1165
1872
3378
9084
15363
310
6929
11699
1747
9471
910
8417
6336
3205
14365
5954
5113
6029
13090
9717
5094
7056
9363
13250
13140
9519
13670
8224
2986
11643
2545
4051
9643
311
9104
620
13835
6036
7812
7867
202
10543
3621
2588
1388
7495
13079
2190
4821
8773
13561
7861
7455
10463
7797
16315
12146
4728
3168
1301
4422
6022
521
6108
3803
4405
5940
3506
994
3139
7587
15651
7443
3440
1742
11884
10233
10849
4125
13238
5694
6904
3853
14920
4100
14854
14542
8829
14578
11108
9772
9570
7677
5819
8050
11886
16171
10138
10577
3961
12920
7515
15461
15562
13263
3305
12190
7529
13418
10755
852
5706
8067
8946
2679
12542
2186
504
15750
3670
15308
6890
15273
10
2704
15724
15788
1158
12251
86
6825
2670
14954
15978
596
1554
15538
4238
5961
13014
12755
2746
2469
4598
6908
2111
15321
15148
10253
6342
12613
6245
9242
167
3245
12498
8172
2022
9020
4826
4408
648
9155
6035
8037
1389
7656
13007
1750
3985
1402
10862
16292
8799
4296
14896
8710
1586
2301
10421
967
1413
9660
14020
10171
13142
12204
4025
5177
14960
1779
9775
4788
8694
1194
3246
10978
4617
7747
7601
8299
14729
14801
4508
8596
8283
9309
14160
4457
762
10936
16297
11098
1713
3243
1258
15677
15807
15072
6021
2130
3023
11329
9488
3865
10387
7385
11853
3018
16266
6993
15605
10423
5433
6300
11949
10932
15667
16370
6999
355
2031
2668
3283
9934
4118
5110
14714
11657
6118
9692
2804
15388
3272
9035
14925
3532
4787
564
11083
15282
8718
11908
3992
14493
16123
13425
6382
11977
14478
13112
2615
3692
13150
331
10851
11980
12031
16125
3174
13426
7739
8333
4325
779
11088
10453
815
13234
10087
16101
7035
12539
2733
11531
12726
1703
643
5699
16284
8611
4555
15179
278
14951
14557
3360
1265
12932
11614
13915
14089
10360
6513
11153
12855
20
10810
11274
1360
6371
12992
4592
9696
12696
9336
2932
14953
3320
13457
780
928
13000
8587
11118
8794
3909
9052
1865
8383
5024
2632
9356
13093
4240
3542
3182
6046
14534
3683
14378
4822
13360
8687
10177
8136
14838
1916
7062
7040
12356
3635
15870
9381
10781
1048
9623
9321
10090
16316
10484
12202
13500
1690
4227
7578
10865
14283
8887
12863
6264
2525
7371
4753
15327
7331
14014
11863
15144
3133
10120
16147
6723
15326
1723
1879
10594
7311
6562
8113
10730
16398
4189
7955
13573
7303
10213
4621
105
11651
3734
14377
7503
57
4720
3572
9794
4669
9975
11794
8326
16133
10923
3068
15915
15638
486
2594
11546
9444
15111
8121
10345
4586
2535
13944
8366
11324
5155
9145
62
10016
2542
13866
13256
4082
9236
6410
9429
10148
6795
2026
7319
3034
1912
5542
9016
13517
2495
1109
7733
10110
2328
15463
5009
4961
2536
4482
7976
7848
16219
7937
1857
14638
7762
9972
6149
15664
15324
1337
11888
6055
15571
4643
14109
3307
11630
13766
11700
10151
16016
10014
7520
6532
9451
6586
12231
37
3990
4561
15329
4734
8475
13310
14006
254
7545
16150
8836
4048
10569
11258
6814
5056
1060
8669
5072
13768
717
13149
10044
11726
11420
3518
381
16121
13908
7446
10895
13798
10146
7333
14033
15965
14455
448
12156
7746
932
1964
9743
1831
2284
770
3859
5207
10796
12272
3863
2518
4839
13523
15741
13153
14235
14762
13397
4951
1562
12154
5334
8646
10045
13387
387
201
2256
12043
8949
4800
7027
4793
1293
1945
12428
7418
16025
14968
12692
89
2188
14682
988
9818
2124
5362
10973
6916
1926
7776
1532
2067
11184
2664
4544
4832
14186
14678
1978
7484
10951
2294
8661
10107
10570
6505
15405
1001
16186
3986
14116
4984
2901
11506
2374
4977
13279
2834
4115
5673
5344
4440
1765
13629
16359
16222
13554
9057
688
7112
7882
13312
4946
4701
13792
9766
9516
1146
3931
2000
4063
23
10900
6922
1365
4927
9024
15897
1859
11120
13916
10957
9840
2462
4522
15930
2490
14977
13111
2384
13462
12674
9647
572
9171
3818
12601
11715
1677
12269
9563
335
12250
13725
11428
8472
11927
4980
14833
12591
1833
10167
1852
1187
4235
2209
8869
14287
15744
11738
1032
5506
1440
7715
11142
15753
11461
1041
2430
3912
5288
4658
9299
16076
12149
2739
6567
1376
4533
15351
13192
15909
15866
16017
15650
7196
807
8666
4778
9638
16212
7071
16342
3428
13731
784
13896
8403
1029
2451
2971
8589
11006
1097
14294
794
2267
14561
9753
8821
15311
10635
7239
9187
1712
14535
9360
196
1179
3777
690
13241
15116
9848
5917
4553
14942
2836
4987
6607
11065
13919
1473
13051
15985
8937
13515
7082
2754
2865
6713
3109
15040
5117
11691
844
16184
759
13427
2063
6478
15817
3500
13926
15213
14439
16253
16245
5700
14881
342
9885
12812
12803
8036
16163
756
16169
9403
8834
15879
1869
6680
14967
11770
4810
6817
11195
11819
9481
2596
6768
1888
10830
3106
3067
10173
14603
10224
11090
1903
13104
680
11642
11201
7016
10208
13133
3987
5689
12555
13362
9400
15671
4936
8619
3685
1488
12544
574
2318
13963
9026
3208
13726
985
5902
11523
7806
3489
5134
6016
8084
13379
16182
15782
7317
1501
15197
15052
1951
3789
14344
2280
13832
4983
10279
14778
12226
15216
3927
12111
16334
10982
15779
14306
5457
10116
8144
7851
7487
6047
12389
13850
6308
12239
11750
4146
11739
7890
4419
6262
14494
14914
12278
10019
8132
13428
4708
925
14609
11270
5592
8489
6355
10020
2773
13582
10802
14777
547
5301
16188
8074
10910
9114
3762
6967
6145
15314
6589
2249
8080
12257
15875
16305
12556
6080
12675
14669
16300
7173
1197
5878
13558
7669
2348
5415
139
1965
3792
6281
11082
10050
16088
607
9318
13131
672
4026
14725
10132
1790
14407
7596
4503
3804
498
3790
7858
2961
8804
11937
16071
13050
13058
4345
4540
11249
15414
10080
15056
1743
12487
15563
3491
8788
10846
13313
6191
15019
6213
11405
5858
11310
10698
78
9537
11041
4126
13446
1840
3644
6223
8902
15843
8418
6851
8063
7720
14571
10837
2244
3972
15060
14240
10966
3527
14352
11600
9333
15122
15196
12781
3387
1753
15980
2951
14982
6583
14276
11816
11833
8964
1799
7980
2310
14260
12800
6629
10617
11360
1724
7401
9499
1648
8865
2276
11709
13790
11231
1871
10140
3924
724
5840
4367
520
4224
14170
1235
3391
8675
1684
12140
13043
11220
10252
9232
2177
2288
8805
2683
11652
1921
14000
9222
14375
4985
8459
3703
5196
7700
291
16126
2050
7198
12873
13052
1550
6305
6465
10516
7563
11525
12262
435
16352
9049
3689
6294
6717
10346
914
1579
11831
5148
13983
3915
12317
10141
2727
571
8956
13041
5850
2883
9784
8439
4838
15453
9073
7839
4965
7028
11894
14192
10885
9322
14064
3140
3914
12053
10633
1361
12214
9086
2121
14978
10902
1033
14712
174
14759
10733
12703
4447
10129
15821
8425
12796
15726
16336
5927
730
2131
6573
15237
5841
9109
15489
8741
2087
7556
7623
15407
15199
1234
16227
11089
12429
5164
526
12776
5624
16128
15785
16175
16285
7552
15172
14699
645
9587
1149
11268
12773
4796
7041
13721
9448
8884
11605
15516
11052
2731
4166
3989
14909
3197
10217
3393
10647
13037
4223
5291
5843
1526
549
15613
5553
1132
8091
5333
15910
15389
15890
8948
12071
5412
6386
3529
8046
8240
1151
6302
10264
14597
3038
14097
10407
7473
13440
6608
346
5481
13844
4763
1304
5738
2900
7987
14274
6884
12044
4843
13682
8029
12255
15452
6296
13692
4041
9105
9103
1164
6320
5490
2818
8531
10118
1503
10726
3704
14010
16361
3788
8075
8897
8107
5949
8641
15587
12349
5652
5710
8152
180
15431
4158
15286
876
1344
2446
6640
13598
3678
8558
14211
1988
16020
383
9762
12014
5697
15540
16014
9835
7985
15994
7153
7045
11054
13962
13003
11681
7777
12804
10328
2992
5566
15579
4335
15472
6742
8097
8187
15660
5732
2424
11759
10763
364
6935
4935
3435
12162
15672
14191
4969
8544
2343
13188
5431
2269
2236
190
534
16317
691
15951
12225
8876
6490
13332
7705
5051
13649
3059
11683
11320
13396
9295
6160
11564
428
10434
11252
12792
5974
7920
7358
16119
12403
8164
8744
11489
12316
4357
6667
7488
1548
15379
583
10379
10798
15561
2919
3920
11132
7290
11436
8186
8400
6848
5071
11879
1858
3115
4464
10530
13814
9664
7479
6359
4499
3885
14976
77
10478
11460
2712
6834
7493
14588
7711
3550
7125
11544
5086
6896
9782
10912
7907
7984
3124
13278
11190
7431
7019
11857
3699
9945
10092
14514
10759
21
10655
10124
2032
15812
2155
8995
15429
5873
4528
10216
281
16116
10114
13905
5128
2008
13321
13467
12722
11371
15887
15207
9763
4573
11019
14847
7531
13065
11481
15198
699
10018
1855
11358
14948
2017
3253
13012
8523
14044
11624
3666
7859
14770
2459
7646
10507
13664
3323
11383
10243
16307
13434
737
11835
16283
2072
13304
1544
9008
1201
6280
2928
10625
14826
700
9746
2806
6683
11627
2171
13094
8147
41
2024
12980
7108
14434
9435
12370
6990
9625
13403
8498
87
11545
5450
4928
3005
4667
13568
7379
14132
371
12230
12506
16054
6672
5310
15498
9226
8823
10927
7183
4072
14983
9143
5666
3855
4914
59
11608
9376
7450
9651
15401
10313
10162
969
8930
3839
3910
13940
6748
7007
12125
13120
12528
15993
4147
11990
8939
4975
2254
4403
177
2483
1902
13232
13716
8282
2331
12341
14906
6949
1415
15798
3415
4903
16086
4530
242
1126
5316
11305
13951
14427
15916
11321
7637
1770
7444
15634
13704
13422
8329
15966
12604
10135
3771
299
7316
14412
4193
8051
7321
5296
11434
16214
13729
8657
10262
13686
4683
58
1658
13840
11025
2285
14659
6875
15289
1356
4746
13502
952
13025
15007
8716
2602
10549
13902
10517
1607
13545
15248
9819
14560
12094
2145
9723
5660
13998
13667
12208
5801
7161
9009
8753
14184
5795
8512
4326
1695
6574
14442
6154
8874
327
12217
9569
8513
13737
7330
15595
7404
3791
4020
10784
12852
15653
14150
7950
11665
12730
2882
3494
5763
13505
15361
1243
2214
13344
8557
10922
8992
9029
7412
13129
13181
5923
978
6736
2530
6372
10879
5745
9887
6175
2025
16166
2800
10187
15990
14349
3467
814
13227
2694
7276
241
12145
6244
7093
5449
7754
10223
10531
15217
6919
10137
11554
5829
1820
5744
9075
11584
5366
15789
12420
16303
3847
16198
9090
2656
12000
15574
581
7104
7546
5760
2413
8154
10753
4608
15552
13359
10637
14392
2362
3328
13305
6718
7466
2771
14305
9685
13437
7881
2684
4548
9556
16240
4776
7268
10446
1208
6676
4567
14618
11520
12365
9484
16224
6688
14758
3754
3369
12500
9463
2958
6805
11457
13977
14404
8261
3724
6973
4129
2587
10367
12463
3254
943
6647
13308
9677
15369
4184
14035
10749
10872
3836
15693
11583
10416
15334
861
10493
4135
4516
8783
4625
11678
13159
12413
9669
15510
3379
16155
13960
2101
480
9186
10230
14408
160
1229
11762
6871
15761
7188
135
1266
1850
8184
8551
4392
6247
15642
8977
2201
5913
13154
3042
2037
7825
13955
8973
2135
10212
1034
1836
4840
14640
4974
13001
12621
6050
15400
10840
15399
3663
4225
14241
15496
10813
13992
13253
8098
11312
9371
5263
11306
13369
10934
2004
11896
12493
14247
2653
1215
2007
15784
9399
13756
819
10666
11737
12766
6808
16092
7453
11954
2153
9365
11592
626
9654
15792
15852
14645
14653
6329
2949
10376
1652
12532
14106
3146
13433
450
8533
12795
4263
6521
14333
14336
11867
2393
3559
2595
8538
4123
9457
5720
9459
3108
11102
7224
3341
14316
6565
12835
6058
4938
12421
2880
10380
6799
12816
7419
9613
9954
6863
5281
13095
13879
3764
14528
14570
5793
13248
9873
4554
3742
2976
6338
9055
2777
14635
3733
6925
15934
6168
10241
1941
12038
12815
2271
1198
7494
12970
11856
9330
16373
15229
10774
12610
10306
4661
1105
9162
13602
3691
8306
1736
8309
3459
5401
1701
9443
1643
10225
304
1485
12862
7792
14098
4825
14218
2737
7640
13706
7863
14971
10805
10779
13621
13610
13666
4417
10787
10667
195
11159
8236
1727
15859
11234
3793
11363
3923
11122
4140
512
6039
12171
5346
8888
16296
16058
10606
9315
5755
14318
6019
11679
15256
12670
12767
12143
7759
804
9310
6836
12520
6151
13257
3051
5987
11290
7248
8242
9994
11686
12887
297
812
15127
14402
3890
7345
1755
13870
3481
6419
8059
12774
13295
1000
12705
1430
7947
134
9144
8380
11417
1250
14995
13061
2015
16177
11808
11285
1408
9732
5825
8667
6114
14860
1084
5918
6601
12632
3173
11900
12045
11053
8999
13865
222
3240
1927
14258
8729
2442
14370
11917
14813
2820
11662
3164
8263
11459
5664
14621
16401
2571
10152
11883
3769
8492
6564
5643
8391
15939
2711
7144
6007
3627
94
7339
6728
13490
3579
13473
5602
1935
12965
5031
13056
5394
5438
11995
6083
10668
11297
3649
14381
674
12131
11746
5817
6208
12438
6617
56
11497
3564
9461
13376
11805
15989
5810
4514
10001
3321
7906
12461
5237
6141
186
12729
4862
13697
13138
5402
7279
2747
192
7292
2810
12849
4626
3188
14558
3645
14426
3211
13400
7291
7939
15547
3300
4613
6903
4069
11950
3801
15219
6815
12482
13904
1453
3893
15661
2788
8672
16405
312
11661
3882
3075
15770
12218
5477
8398
10115
843
427
1487
1299
5839
12401
7278
11121
9721
2286
9327
13460
13575
8797
3353
14520
10053
15283
147
14806
7178
2562
14134
13846
5157
3478
10246
263
14756
1536
10093
3348
4015
10142
16048
1810
16385
1095
11993
4182
516
3189
2508
9135
10718
9088
16372
6989
15352
15828
10299
3525
13636
10743
3883
9609
3581
13342
1089
6421
15773
3631
2566
15208
8503
4623
6902
6397
6832
2427
11658
12061
13856
1683
12552
9276
11849
5586
7477
11724
8207
12103
9479
4546
7543
8952
15317
8256
11152
13160
1055
4067
13513
5875
10031
2070
15087
13391
7638
6098
11837
9725
6609
11820
1379
940
145
6498
12662
11906
8761
13526
12314
7667
4042
9023
2722
9281
4857
7142
1267
8603
3969
12598
13055
5375
5510
6131
6850
11484
15406
15654
4591
14039
11241
5219
942
9899
12206
2521
5043
6369
5215
11543
2302
618
9788
11644
8592
3719
10725
10680
15139
11999
1811
8957
6387
12638
1441
1170
4383
8010
13854
15657
4766
337
7567
663
13650
2139
9614
11378
14072
7639
10267
8685
15433
13852
4925
1841
6284
2942
6298
5172
10169
6068
9167
7549
10033
14001
14325
6649
16282
5476
7570
2532
3136
5171
9852
14677
4131
11067
5353
3311
6824
11451
5421
4848
15449
11508
4876
6081
3757
14741
13130
4655
11348
12220
6893
12581
6533
3452
10632
8843
12293
4577
8986
5955
15960
9890
10248
4898
10443
13972
2290
2312
12382
7781
14135
5784
2235
15919
877
2524
15700
8178
12897
1533
4491
15776
6270
5656
2663
13907
4078
4248
12720
7022
12361
13813
13681
1971
16050
11425
8545
15703
10186
8361
7714
9849
8713
13316
13047
12397
13724
7116
6507
9486
582
7377
2564
9319
5374
5144
2580
13087
1710
3439
8505
2509
13847
2973
1691
13851
14322
1347
8764
1094
9368
11631
12035
14997
9141
5901
14887
4717
7265
9813
13092
3201
5488
9006
8601
5278
10854
2790
2184
4517
10119
8525
2499
5426
14237
4412
7336
5487
4003
2869
12353
379
7058
15652
6023
15825
9833
9895
5800
16320
14293
2707
3604
6955
4149
4774
6722
7072
4270
1414
4828
11711
14061
10875
10745
8312
7771
11790
6079
3705
11948
7966
7540
6530
6946
1800
13289
15777
4950
10021
3222
9715
14856
3934
7925
8137
15043
15210
14038
15633
7211
11504
11656
10766
3295
11007
11370
1168
12275
1887
4709
3921
11793
10676
11316
11828
4304
11495
8100
11355
12570
5844
9879
5535
14800
5659
11973
16206
5815
4121
12616
4640
4451
7130
5193
15133
8058
10275
11582
16217
9279
5014
6852
12524
14804
12343
7037
1987
16346
4827
8942
16367
10897
6459
12415
8851
11245
8478
16402
1632
13993
6508
7084
15483
14828
15709
11466
600
10866
8404
11540
3956
3902
9607
14048
8950
1577
8481
9220
13337
5667
13596
408
12033
4095
3680
7243
6119
10136
53
3763
14959
2381
9728
5150
9992
5916
11477
11806
212
15519
8213
11521
8909
2066
10899
14788
3175
16322
12119
4918
11871
5099
8769
506
12836
8156
10411
10506
13076
14362
9329
7145
6705
6841
11486
13742
3857
13720
2411
7127
16319
11058
13123
1627
7483
1013
6707
12957
10906
1791
12861
10812
1767
16331
8357
6027
5761
12620
5569
15267
570
585
4748
6125
11023
8571
1845
14841
10396
10585
11983
10687
3530
2643
9901
7632
13619
11957
4845
2414
12986
1120
2239
298
13709
12191
11187
849
6405
15873
16388
8871
6760
12019
1403
8295
15419
11416
12087
6961
456
14671
13283
6142
14554
9575
1545
11836
2592
4200
7991
13169
5320
8782
2416
6072
9328
12896
16357
14916
1289
1239
2723
7896
2333
9787
871
10017
3287
125
13366
14153
13370
8621
9535
6222
6415
7186
10770
9907
10305
9679
14692
6413
2849
13402
6659
9585
10218
12600
9765
107
15900
13436
2349
13608
12517
12271
2402
317
9981
6446
8873
4715
5951
12189
5653
360
10086
4148
10158
1449
14151
10404
12253
13324
993
1199
2366
14939
11916
1509
15187
6639
14913
4833
669
4421
13748
13463
4458
8704
13273
6626
642
14215
16053
2164
5265
12115
2567
7083
3394
7749
14448
14085
6673
13459
11877
4534
5420
3456
2911
226
11069
4780
10497
8284
12707
8803
15958
11180
4191
9919
14608
8042
6211
5804
9097
4062
2997
9588
8220
3668
4097
4953
2193
15699
3968
10492
5120
9432
1908
3590
14461
9633
481
6130
7736
12174
14015
14444
14512
8321
10949
10683
16187
13646
1766
4029
5091
2006
13761
3768
6953
15811
13409
12626
12697
14933
3318
13601
4052
2924
12089
12369
8316
16055
13307
15454
11099
1340
6241
15526
4659
7432
11060
14429
12716
1272
2029
5035
8586
10431
2380
16321
1729
3619
5217
16233
13774
3024
13493
10575
15190
14282
16288
8583
5267
5554
5950
2875
1640
15073
7554
15420
7826
6602
4500
13536
16011
11524
2963
14998
9526
12294
8715
13679
14123
9198
11103
6613
854
4241
8840
16216
2406
8343
7815
12398
9351
2373
9425
7751
15804
4294
6592
2454
866
5860
7065
16035
15434
12953
2917
12977
16371
12138
7147
6045
15988
142
12412
2358
12947
5647
173
5935
2439
2246
15581
15177
3475
13271
13417
2876
15182
11261
8758
1468
14224
14094
9258
7193
1624
4476
15973
681
11736
1254
3154
6468
15944
7892
3650
2504
11740
1625
15544
8450
7593
9214
10215
4076
14264
4144
13208
14034
321
8541
13068
1546
30
8832
15264
8520
9458
6542
15306
61
9606
5321
7361
6066
116
3000
6307
8594
11264
15204
4459
5530
16223
14367
2350
11570
3595
7817
16242
5138
14115
6109
1569
1737
5934
5856
9789
14732
8695
3535
7787
1400
7951
12270
5082
14465
622
6625
14743
6849
1442
16241
6069
14108
8083
2199
14266
3611
6606
12407
10699
7252
14893
11188
1505
3588
11529
13985
7124
1047
12022
5260
809
2194
4268
13174
9562
14131
4000
2925
9756
4446
3958
12928
2658
6932
11548
9043
14602
12001
3774
1761
9971
3183
6853
13651
13590
5391
11462
12020
2995
4110
7968
2061
14480
1031
2758
1022
6015
12069
2756
14243
6766
13570
14288
629
2552
3773
14345
2950
1745
1471
1861
492
7101
13974
7005
7340
14718
4103
3373
785
14492
13389
15736
7998
4036
3659
518
2960
9056
193
6396
12783
1628
11351
15957
34
6531
6872
1052
7220
6975
13751
7841
9761
5777
14992
1374
5262
13989
2769
13345
15554
10425
3672
10700
7485
12109
9152
12048
10874
9521
3263
9950
12914
9489
12545
13492
10621
5451
2575
5340
8616
11734
1796
10857
6140
12102
127
13126
11670
1486
14161
11645
9538
6934
3349
9136
318
15953
224
14878
4637
15062
12362
14236
13105
7018
2274
2741
12728
9467
8701
13288
9133
4237
10818
2100
9628
12995
9931
6876
800
3257
1348
8660
13222
13383
6085
8071
1829
13757
15125
3661
14398
5285
3605
2735
4402
9303
13603
4143
14882
1162
15913
13103
403
5531
3594
6764
2242
8330
15504
9419
12054
6033
4199
5205
8737
4300
12984
13795
6708
10608
6733
3223
14481
15075
7258
1826
15428
13873
16149
11866
8047
11733
1552
11929
1909
11112
9181
14818
927
13125
15328
14295
1982
3436
5026
1046
4926
6702
13556
11247
1398
14944
4328
16345
15226
13594
3988
14704
9266
4413
10334
149
11493
11563
1203
9264
1506
13532
3383
13503
11398
3984
6519
14300
9125
7767
3171
13595
744
11675
7547
1824
7527
16236
4929
12593
5383
2795
8628
4932
5926
7799
5698
11775
11178
9123
7021
9826
15152
4509
15236
1740
2591
3513
10573
9190
11326
4251
4920
2297
6585
12515
9959
10366
14205
1252
8564
12187
13206
8927
3416
13485
11172
3298
1184
300
6363
16386
4341
1077
14674
9708
2914
9169
6210
6159
7822
12637
13200
8653
5687
7185
2080
5785
7356
8302
2678
12157
11666
2770
8970
573
7888
15162
1245
14666
11823
6747
13705
15422
10868
8536
4150
5194
3072
10469
8278
12474
3955
8962
6758
12210
2262
3028
9423
10958
11812
1483
15906
14697
6588
1590
11667
13597
11714
13197
10672
6291
12459
10623
15017
7460
12247
14642
2030
2724
1338
795
8015
10000
5574
1764
666
5466
7463
11801
4475
1135
469
12330
13909
1457
16091
2279
2342
12072
9241
8864
10739
3624
9366
12678
5067
6106
14845
1303
1746
14956
9621
14843
15244
5235
8052
2740
11198
7392
919
7273
11315
3027
7629
11282
1894
14533
11617
16139
6214
9540
14670
13013
60
11202
9421
8683
3701
9993
7050
14471
14690
6823
4310
6367
3204
10722
7049
15775
3322
5842
11272
9504
3726
1412
2306
13334
15950
39
2198
10485
4484
14585
12120
6120
14366
7210
4624
11070
13077
3539
10596
1341
1668
16298
10130
3002
8508
8328
11373
16333
11048
266
508
5425
9727
5074
16304
9870
7113
16318
11002
1919
9156
15338
14452
3398
4675
5657
12975
882
3993
4168
1835
9273
7281
14394
1161
6957
12153
5539
6524
2907
3723
8730
13302
14445
6777
7521
3886
16376
11400
9225
16145
8702
8518
6420
7294
11162
5845
4714
15469
11859
1328
14449
15513
10961
8574
15112
11013
326
7470
4792
5820
15507
11421
13801
8747
3357
11636
8905
8219
5766
14391
5032
13017
7813
11741
10768
15339
6812
10583
12434
13429
8199
563
10519
10643
3573
8429
10237
1221
4387
3127
8855
7307
10780
6797
5919
1454
11578
7249
3453
4065
10413
14087
14222
10631
8212
2
4995
15917
14839
586
3449
3150
8176
5600
14275
1082
4518
7928
1131
13991
10488
4442
9799
10176
9119
7081
8122
14187
4579
1416
5768
5679
5718
9749
14924
7152
2266
9138
2857
11930
5475
3679
12062
3352
14861
2599
10039
13995
5998
13583
10909
13164
9642
2691
8798
2506
2895
14254
12764
6540
9340
6839
922
10445
8464
4170
6139
13483
9778
5197
10762
15819
9951
11550
16082
1142
14271
1434
10258
13495
735
10938
5238
8066
4269
7486
10289
5371
10382
11203
3576
7467
3610
15240
15820
12134
9984
14208
3752
15030
11127
16229
8435
5997
14583
3628
2912
543
6075
15888
15024
972
9707
14869
8159
9738
6196
5358
12806
9661
14915
9126
319
750
4805
3600
1728
15588
16122
13252
11265
4764
36
2355
10255
7181
11633
3820
1133
13119
13997
719
15704
12379
14374
6430
8336
5154
13713
15767
8982
4812
9524
3751
3086
140
9906
12237
4256
6411
11921
4847
11346
5906
4001
3755
12073
3252
2673
15762
10678
10629
11987
12374
6304
13691
12685
3070
483
10154
9830
1002
2748
6040
15921
14213
8101
2038
15532
6572
2218
1110
3381
6100
5629
14411
10920
5635
13740
10378
4094
13833
5809
4750
11761
9856
548
13627
9036
5287
1730
15712
284
12964
11943
12329
14414
353
102
8650
6754
1276
971
3718
12793
10331
3424
13683
2944
5621
7583
8991
14787
3556
1099
6668
10597
13488
9496
12973
13191
7402
1177
5990
2351
5248
3181
3609
4989
11751
11528
15201
9455
4194
9842
1939
9515
9257
15411
723
16286
13128
15480
13609
14270
15999
14291
15034
16392
12265
5968
7456
6226
9949
11218
12503
12076
3460
3409
11064
4948
2175
7191
7434
3411
12194
9301
3363
5593
4754
5608
11923
15272
15189
295
1854
6491
14999
6442
14040
302
3821
15158
2528
12357
3241
14927
1732
9987
9531
13685
12117
9705
8576
15068
9793
11191
12100
16069
14810
15521
3273
2657
122
6364
12296
4466
2705
413
9525
2245
6579
9639
7808
7770
11168
11239
4261
11126
8397
14259
12395
10175
8485
14886
1763
11347
9649
8818
15639
9943
3634
14263
2417
9595
3873
4265
4060
15404
6054
8331
8757
15132
6880
1219
6511
8768
13785
12067
8899
1896
3815
3643
4431
9325
14122
2341
1563
9750
5590
7992
8221
15666
13910
11745
3664
8369
11958
13320
7067
6362
11560
15254
1664
8959
9375
9406
4652
1843
5730
14624
16199
14430
1848
4922
12479
5445
3309
2551
15357
5112
11965
14005
1152
13448
9922
10788
5122
3540
792
7001
4152
12560
5995
1257
12180
5015
9452
12423
229
2065
4008
6578
862
12312
14409
4719
997
16351
12648
12466
6192
6002
6556
14614
1626
10251
13282
2059
1495
13934
3960
3841
10326
14793
8077
8709
240
5526
10172
12141
1386
999
9687
8814
1242
14929
10043
1450
301
8025
16279
5376
16202
12057
12522
6735
11444
8290
10533
2761
4023
14387
8639
12985
6666
8931
9107
13935
8708
3503
10534
4853
7880
15948
5151
2316
3522
14281
9988
7913
12384
5936
8201
10229
5794
13406
1537
8714
9015
14776
9038
8711
13059
6379
9188
15840
11302
4398
1675
6202
6577
14660
16208
16195
2966
11610
13408
13354
16183
4467
6203
12066
15330
752
15668
9902
7170
14917
10659
11498
15984
3234
863
11810
14705
4494
10079
14063
12308
13822
5338
4913
10856
4887
14974
6354
13818
6399
3236
10486
5170
3744
8570
2347
15015
5509
7728
6947
13565
7158
9512
1797
8109
1166
6781
8725
9605
12759
10946
9683
2162
1049
1633
3585
16369
15391
13516
14174
13178
5737
1739
3552
13973
9581
3331
16165
11974
3675
11217
11701
5882
6352
7636
1893
15160
7635
14141
5276
8494
5544
4664
9650
1327
12868
4999
13233
10475
9985
7236
13950
8341
11609
4630
758
328
12951
5601
4114
5731
13165
0
9000
280
15931
4098
95
9212
6729
11091
12530
2753
9970
16180
13084
1708
12782
13969
9396
6503
11848
7536
10458
12658
2719
11189
8192
15772
13157
10679
4538
13661
15165
5088
12320
4569
2582
14490
12259
2137
3104
10301
13957
9564
4703
9357
16211
14726
3770
1749
5363
14820
7481
9130
13237
2559
13859
15681
16382
1387
5367
14
5227
15245
10695
12404
4739
8813
13947
8434
5224
286
10473
2642
8786
8815
960
10459
13699
16201
369
7967
1227
15781
1538
15138
12936
4941
9115
851
14082
14137
9128
1504
5823
7512
5360
47
14672
7073
15412
2964
10343
9518
13804
9274
16277
12671
1323
6792
5290
9013
13914
9248
16072
1801
2210
7091
12758
1010
11743
10361
6020
14837
3069
8608
15195
14458
7537
1960
9627
1086
8789
5765
10744
4136
7012
9886
14372
2068
2432
4212
11706
8292
11612
12642
11097
1315
10496
15390
1122
4267
4395
12248
12741
6183
3426
10058
935
15343
8778
2916
9002
9704
136
9781
1090
14706
2513
8394
2453
8811
12906
12402
8651
10892
7994
5620
2307
15858
10889
6917
13616
14522
8414
10641
1611
15001
6833
13521
16138
14737
10350
3606
11003
7140
1942
16042
3867
5470
2933
3651
3011
1043
9920
6892
13236
161
8910
14410
7778
11804
6671
11233
8572
13827
2787
8337
234
11492
7710
11300
13424
14209
7614
4313
10196
5670
10628
4907
14204
15
71
1722
16148
1018
12468
10734
7354
8796
5214
12797
13243
6559
15266
6049
10790
12450
13292
15109
3598
2014
4520
10988
10545
6631
11487
11515
10457
3617
5695
1795
13069
4277
1819
15861
6444
12944
15353
15754
11586
12249
10078
7846
14979
9410
14505
6274
13867
5357
168
12516
12557
6469
5302
11471
10931
9533
8167
11399
12455
15937
8728
9608
11113
4019
4618
13665
8375
867
5243
1498
601
14750
15846
872
10732
7232
13506
1116
14744
7309
11087
4531
6356
3778
6753
5550
13645
8026
7929
7350
9146
11176
9292
15356
8722
13722
15064
11697
9722
12735
12750
14567
4628
13530
12186
9800
1270
11055
15692
16403
15408
8487
6527
3233
5512
10127
11875
3563
16238
4722
3310
3220
14797
16332
4700
6923
11606
13967
7745
12480
5797
12798
9092
2464
11353
16174
10898
14832
12511
8408
8679
11192
15468
5059
4633
12754
11344
14525
524
16193
1981
11042
16117
10515
9916
14946
8258
2160
14630
10811
5945
6915
15780
5204
3646
4699
5461
7631
482
14332
3274
1472
4192
8191
11781
9875
2129
2078
9064
2968
8565
2012
13921
884
12295
15142
1535
5881
4354
10544
15000
3706
8997
9367
4576
610
9947
10839
12714
575
647
6561
741
11224
5523
4262
8552
2736
9791
11411
14466
6979
11322
9982
2706
9795
6233
10817
12769
3009
5598
1807
14104
7360
13115
2578
8649
1421
15383
4332
661
8438
953
11011
15615
13452
8275
4869
15594
3012
13189
608
7482
5407
9921
10034
15047
7509
16270
13759
11078
5209
8112
8678
4364
3584
838
4958
9194
14181
5975
5279
33
66
8648
2398
7807
3578
4244
13269
7875
10284
452
12988
11266
8043
12661
162
1944
3932
13002
2605
4968
8335
7785
1595
3978
15115
4055
13871
4360
5166
3314
14359
667
10819
6290
7997
12838
2662
15557
3251
1516
7809
11394
13893
567
6458
6217
7940
13519
13567
15440
8886
7845
4391
2572
13883
6494
8423
1447
10848
10593
6207
451
7030
11830
6017
10462
15832
11549
7055
4609
2987
216
15705
9990
4315
7004
1111
7905
13229
10329
695
5595
3347
5721
6303
9347
9139
258
1118
7647
6389
558
449
4388
15348
6930
15124
10274
5960
4781
13954
15331
4954
7810
10528
9881
13296
11976
12130
4696
12876
2334
8681
3029
14541
7386
2645
6188
6711
2479
5479
3599
1937
6905
8344
14265
5661
2784
14574
5458
12441
8953
288
5644
8688
3725
4443
14384
3288
11414
1700
1738
5832
5273
3967
9195
10622
10185
9932
3709
6299
805
10456
6271
11956
1846
15203
12383
15081
14644
5952
1370
9204
16404
14502
8584
11412
10986
1024
1188
11124
7523
12436
11419
12391
10513
10316
8087
70
8575
4349
3922
1744
14657
16114
12956
9039
7430
13749
13363
4916
2822
10263
437
3458
4202
905
4583
7542
2158
7814
10887
7103
8153
11299
12672
6340
4162
16038
15234
5023
1106
10013
115
13509
9391
3524
12710
341
14693
3382
15572
8351
1609
10935
5651
5057
5261
8617
7253
1842
4603
5868
15622
12646
15669
8189
15297
12826
8194
7649
14599
7228
10690
11712
883
10266
531
15002
9395
15309
12182
15004
4016
8313
13410
754
9769
10576
12971
12934
15101
8008
7197
12580
4868
13698
3048
5192
8035
4317
3952
5588
12724
3502
2206
3256
4910
7044
5085
8363
13444
10330
13358
4681
15911
6575
11043
1576
13732
9422
2423
8249
5563
6111
7397
3032
6316
10612
42
14321
8658
10751
16299
7869
264
15102
7605
15378
9355
15539
2698
6248
3443
2728
1249
8139
3526
4562
8060
8696
7979
2906
14880
2018
9067
5669
14355
15141
10372
10694
8521
5108
10861
5599
15569
5947
7926
5516
10081
4695
12469
8252
2975
8925
6910
3084
5080
15117
13574
1325
4303
13623
11869
14626
15560
11474
13946
9933
1036
12326
3368
3224
10816
118
7701
15080
10942
2321
16170
2338
749
6731
9559
97
5446
1066
6257
11827
12167
13510
16057
1172
6374
13948
5775
16065
6539
8170
15565
6197
1037
6593
6428
13747
12585
10926
7172
9961
976
8223
3690
1777
15211
7970
4169
4767
14460
4597
3079
7634
13976
13593
8355
10324
9202
16260
2252
10599
13499
6237
15464
2767
6576
8854
7433
8449
3501
15460
11702
6209
14496
14244
15153
3962
16059
10537
7251
6959
4305
13216
6295
10257
8039
13984
5096
8085
13576
9867
3697
3158
1655
8431
2574
13088
1943
9675
4208
15583
10797
11843
15894
6714
1752
8726
1380
3827
1491
2028
2309
9108
4744
10069
6445
7388
12756
1259
2364
8209
11730
340
15110
8700
1534
5298
1649
6060
13203
8255
7801
6194
5429
12643
9255
15972
3058
15577
10626
14774
7077
11851
8983
12058
13986
11969
10339
7702
12283
2230
10391
15151
3077
15590
16248
12659
9909
9770
5473
14166
13301
8291
6757
2228
2757
3925
11692
1989
1557
14938
11769
11076
8501
1492
6185
8245
11062
7676
4485
8540
5943
9500
15649
1298
4632
3289
9269
5532
761
4399
528
10085
9235
14373
488
13789
6536
7901
6258
12015
12084
3849
8138
3361
2336
6497
1689
7500
1621
15044
7704
12028
9697
4895
11539
1085
5028
9843
14246
14319
5382
16325
12284
7227
10671
16009
6941
2838
10340
7207
5100
3767
11530
15113
13284
9245
2870
4373
15377
7496
745
6164
6025
2913
9028
11766
11803
9048
13628
10638
10134
1244
6864
8251
11307
13522
10742
9302
1568
8006
5533
7618
5115
12990
11818
9882
14647
12890
9797
10466
4614
6587
372
10505
8479
3088
9098
14335
7051
9450
8421
3414
13161
8180
459
10727
8998
13335
544
5303
7079
11852
6738
7334
13287
12228
10696
16062
1599
2903
9592
15276
654
6598
12199
238
1226
12085
668
5849
6568
3662
9256
11989
4226
6310
14945
2674
4813
15941
247
15760
4706
2141
12818
7902
2652
7607
12888
8214
6786
10918
3022
13365
6692
9277
13555
14662
12164
11246
2229
4588
8993
10338
84
4801
3558
1326
2597
16254
7789
146
628
6186
10532
5212
12846
10880
9841
8402
5448
9334
10415
14529
6548
15423
9436
6333
10144
11939
15129
3071
348
14710
1873
5911
510
5208
7791
3812
14966
6253
5200
4721
13999
6014
10903
3039
11236
5727
81
6199
1925
9122
7368
14506
14315
2560
3160
9773
4651
4309
12017
5254
5047
5658
4086
817
12160
2458
9574
12875
8740
8712
9404
16243
2482
14831
15093
15711
13812
13552
3999
6943
11211
12036
11727
14715
6275
2937
8765
15656
10850
9120
5274
5892
3250
10236
5439
3642
1794
12738
11559
2172
7922
4243
7376
11598
14239
4575
2248
2156
10705
6451
9771
7348
7282
2590
7006
2057
2945
4662
11479
8543
8626
13478
2255
14526
3121
13170
15032
14482
10917
3087
4742
13080
10615
9161
8428
7111
11433
323
15691
6412
10424
15121
15063
8852
5680
14871
2660
6103
9565
8945
10657
5814
12687
15640
14922
14989
15585
816
6408
12917
10555
13671
1773
3894
13527
10467
2389
10703
10648
16000
2079
7696
4959
11602
2891
12172
4688
8577
677
15105
12645
13781
14579
12041
7352
14698
15143
3996
7415
6255
4275
4006
10652
6288
12630
12907
6184
11170
1246
10156
2555
2529
6266
362
14962
5866
9300
7838
1401
12895
9815
6221
911
2897
535
2092
10123
4230
5252
3030
4374
14383
987
2196
13261
5251
11226
11213
16039
3429
6992
954
11647
15551
3420
9544
13116
7369
10444
3375
9343
5671
6523
6751
432
944
2112
12731
6107
11050
8169
1962
13322
7831
13244
9077
13352
9888
697
1666
2182
10201
3935
4472
16156
8370
7374
12124
2308
7862
8436
3601
15728
5123
10586
8280
13786
12297
19
3450
12837
8734
2589
4650
1735
15436
16102
1335
763
16252
638
2075
1050
4526
2533
14755
9645
13889
13607
3824
6633
9869
7122
2412
1789
10777
10472
7624
15192
15223
7355
16107
6599
10520
5033
8319
11148
3131
8881
1150
418
5211
13754
9251
7615
16023
8310
13262
12485
8566
11029
12931
1190
2114
7206
7990
12458
9706
12279
9185
503
11133
5807
9244
3829
7670
6008
9358
6694
4087
10365
10562
4601
7821
8940
13550
1352
3376
8301
957
4477
5715
5385
5076
14620
15690
3337
3746
5324
14301
8409
12238
9011
12739
5167
2639
15720
500
7164
10244
15596
6794
7214
12286
3608
11379
8561
9999
15011
6689
9259
1429
13788
6251
9530
1812
8237
915
983
7078
12623
9262
3271
4375
12437
5929
6954
5748
14308
7912
7296
7088
5776
5325
6646
13073
11229
5152
16265
9174
13589
3149
936
9297
15959
10133
2680
8598
14031
1830
5649
6506
1940
14193
14870
17
9868
8838
15140
5736
11763
14177
1881
7285
3876
5872
13959
10296
14773
4881
12075
5300
10835
13922
7842
15021
2120
8072
4027
1125
11366
5395
10924
6476
8917
15806
15517
1720
4593
3756
5312
3455
4501
8588
13266
10809
9446
11729
6254
13884
8841
12108
1127
6423
11040
9616
12
5519
2710
8202
1481
14261
4556
259
15077
5655
9547
133
13414
13868
8293
2472
10307
12409
12025
10747
11501
199
15902
12135
6484
2117
8763
11080
5536
5255
16280
1513
5408
7034
4329
14589
12352
8123
13710
9031
3991
5416
7394
8372
902
10956
8738
6581
11968
7533
3906
313
16244
15426
15318
855
746
9172
2303
14376
8883
3656
6306
5107
11838
7421
9908
11725
3101
6986
6940
2377
13089
8655
529
3054
16085
3519
6590
7328
9234
2584
5330
11928
5004
3911
1699
12435
11431
433
2231
12859
13537
2972
7886
292
5981
1181
3076
11760
10565
15120
6775
16262
2227
9709
12902
3388
14386
12339
7300
831
2197
14798
1676
3543
511
6699
7555
15578
8593
13016
1459
7057
15442
15071
4481
324
7126
10441
5156
5315
14802
3377
15612
11248
13501
3237
6739
4284
3470
11174
5377
3196
9183
14623
9046
7337
2144
9694
12900
6347
3510
12273
9958
8158
2247
10581
16302
13024
3226
16052
14421
16004
12853
9827
1520
13419
13235
4677
5904
7222
7965
6859
5348
7046
2443
12177
12844
13190
9834
9739
1378
623
7399
15085
1507
8232
11912
9176
16178
14470
3943
13504
14688
10877
8924
14062
2611
1268
2859
10490
9129
1543
1443
1465
15758
1143
1583
15155
7884
5611
15258
12904
14872
1934
8013
15975
16021
6056
15576
2478
9983
15502
6099
5877
8690
5826
13949
1075
3794
16113
4689
2108
3977
14790
4963
10452
5750
13328
2394
4506
1581
14605
7320
3083
4188
4979
126
5792
4290
14272
11509
2873
11243
9615
12252
6785
11514
8745
3118
8371
7187
15333
13987
329
8877
2808
3614
15733
10825
3833
7061
6350
10832
1363
7626
13361
4737
4282
3110
9973
8936
11821
13718
13767
14298
2909
10561
16036
13770
15706
6727
2899
2837
15619
8165
14713
1606
9806
10200
9851
11469
8732
8454
4611
14363
15942
2470
3837
5937
16249
7134
5467
14092
10782
1464
12013
13
5137
12074
15854
4171
6509
3561
3116
4911
10711
926
6406
13374
10298
10117
3784
2360
11037
9863
4377
12688
12832
10234
2077
391
7441
553
6201
1
13541
1523
14468
9823
7343
2069
4356
8318
14385
8466
4221
10418
15749
13566
7202
10792
3877
15269
10143
9131
8567
14223
11826
9134
9191
4794
7429
11228
10384
8530
13067
16018
4390
3607
10098
6134
12510
4130
15847
11685
5885
968
8969
12399
5494
12367
4465
14923
7579
16381
13166
3830
5332
9231
10604
4572
1324
12794
15719
9268
9864
11940
7042
9440
2626
509
5441
12952
4779
12925
3602
878
9703
1019
10228
1814
16110
12260
991
6121
3787
10377
113
11093
4073
769
3729
13644
1549
13652
13886
8751
6643
13453
3332
1217
14416
13624
10541
10202
1614
7651
4167
1862
10502
9822
2104
15288
12801
12280
10863
1823
15180
14532
4056
12059
7837
7008
14330
7574
11388
1248
12915
14436
6779
14702
5049
2765
3261
2346
11774
13750
3264
11696
14658
11100
4998
10438
9113
3671
7226
8076
10991
3430
5242
1541
5095
14543
9464
7923
10529
10773
14625
14665
6343
2619
6480
2425
11537
1596
9402
15943
13663
14622
11870
2273
12508
4816
8929
14242
15123
727
14610
11782
14981
9017
15553
3903
1818
8951
3395
14636
9701
949
4811
10504
1319
14028
7117
8882
205
1636
1176
7871
2447
13588
964
6765
16172
6496
419
1157
388
14419
15275
15455
10157
12576
1129
13042
13218
4428
8817
14076
5764
11919
10362
2970
13053
4009
11776
10468
1798
4331
8410
2614
12037
5560
11565
2801
14088
6547
8115
5087
670
8206
12051
7678
1957
5773
1045
14932
1104
9979
5703
16192
2983
3212
1969
15592
840
7137
3750
15827
11024
4407
7558
4278
3848
15206
8934
15662
6062
2935
3653
6378
7448
11334
13878
15097
12960
11454
989
16129
5304
1280
2522
7149
2170
15439
15076
1530
10383
11882
3270
676
6974
12612
12219
9159
1210
8018
10471
12883
4068
10658
4084
1961
5640
11708
9229
7315
963
2345
16151
7445
11858
4190
9007
4992
2233
43
13171
14100
7993
5104
15310
13811
9014
12553
5693
4255
8967
5665
15635
10261
1186
9816
253
15737
10247
6520
343
7584
10729
3973
996
11447
7409
8143
1672
3721
11732
4921
11952
7732
4595
54
6153
15382
12608
14353
1669
7159
12211
14107
1016
14026
1952
6064
7852
1864
14709
11256
14256
15295
7238
439
4571
9513
16081
5733
3813
6174
13791
169
15191
9389
7853
13036
13101
15837
12311
12042
6960
12668
13752
16030
6822
4638
12304
14278
14230
12170
8640
14789
1392
11878
1448
1514
11673
4756
13734
2762
10265
5828
1154
4083
5933
2163
14819
8456
14749
10254
7233
5337
3686
5899
15823
13405
3419
5410
7053
9689
4287
4682
15292
8816
8892
15759
13579
10820
7372
13764
9776
5982
4119
12016
16031
12201
7757
1436
2324
15644
5336
467
6277
771
2220
14347
11422
10464
15126
4817
12118
14568
7577
9974
1990
16173
2915
2878
7917
8353
13286
7407
183
3982
15607
26
8226
3292
5118
6789
13794
16379
5460
5855
1332
1329
14269
1136
4680
1073
9866
14590
7231
6263
12104
13201
9044
10189
14077
3698
152
9731
4770
8553
7600
15831
2783
11197
5411
5514
1424
5326
15049
9553
2638
3370
12086
6082
13888
15752
8200
4187
1776
7105
9655
7541
8135
15833
10292
4250
6122
8056
4449
112
9311
6982
9850
7298
8387
13251
1574
11150
12032
12322
7517
10336
11618
1899
15149
16326
3626
14753
3046
5169
12457
15968
13918
13524
15268
10494
3178
15844
7390
10321
10337
5684
9218
10210
2422
3942
3681
1817
243
14437
11753
698
10795
5328
5459
5770
6048
781
3384
5890
14447
13470
4380
2238
1211
4872
6620
9857
1290
1907
6857
13841
5787
12472
7975
8247
2721
8004
10989
2701
5743
15756
15284
12673
5305
9998
3085
9644
9668
7983
16204
8298
10860
11145
2330
8516
6782
8665
1786
2064
12615
10929
12550
8971
16230
8522
6436
11408
6584
5788
15717
15531
11086
12002
3308
3325
10591
5092
2677
8000
2697
8412
6800
5989
5869
11597
9965
3898
7726
1342
6502
9247
11410
14068
4574
7668
6952
3487
2096
10723
7551
9927
13240
6325
14531
7721
15869
1247
11721
5524
11829
8898
7562
9759
2832
2365
14539
6417
2693
415
9925
9420
810
5778
1958
12023
2844
8274
3570
13030
2081
9025
5898
1856
11688
9757
5537
1331
14866
2260
5489
2893
2830
15246
4745
16070
9485
16094
11377
12655
1963
4990
12909
3591
9216
14875
9735
1613
6861
6500
3276
15119
14807
14877
9132
10947
14527
14763
179
2289
2356
11814
7713
10403
4666
4106
15145
2760
9200
5027
8338
5229
1333
16275
10040
14228
5948
9377
3345
14084
3471
16368
2846
10760
2471
802
6136
9414
755
1642
8647
6278
3589
13008
8682
8534
9001
5190
9904
11601
10302
11499
8607
11648
13591
5597
15386
6719
901
9665
8554
6525
4515
15118
15676
950
13894
14973
5380
9163
4286
9047
8920
515
3422
7318
4385
778
11915
16289
15150
13265
7118
7690
3138
15725
3657
2404
6831
2651
6093
16378
11455
15810
3065
217
7047
834
12911
15194
6810
12540
4214
13945
7143
12597
4288
525
6146
10460
4109
12496
13604
4259
239
14596
1915
9217
11015
1678
13096
4257
12285
7941
9332
14075
6003
4429
270
10778
3710
8173
13091
2894
2420
9298
5993
153
6467
12497
9454
8981
13571
5779
2207
1193
12535
3044
887
5502
7592
11773
3562
11944
4797
2649
10707
4454
10873
16007
14423
12702
13146
7359
2089
13432
7819
10548
1263
10304
4724
7572
11045
8733
12471
15620
104
1959
9296
10794
7234
14185
4420
2904
10702
10131
6250
12976
9201
12940
7154
4346
9078
2695
11981
8568
13107
14467
5206
7357
13097
13834
3916
3810
15871
7087
13755
6515
10783
2629
1792
880
900
15659
16190
11338
10303
385
13479
6218
8703
13019
8362
6551
5121
15482
12264
13299
2357
16250
10105
10147
2616
5018
11251
1578
2489
2752
9051
395
16083
4046
14233
10499
14154
8987
8427
692
15499
13044
1405
12523
184
14587
2821
1884
5988
7375
10752
11359
975
1059
12989
7742
14829
9871
7894
6152
15947
9290
7877
3290
6463
14422
8386
9434
8965
67
12200
11880
6619
5003
15045
5306
13347
12173
5132
4410
1682
9630
1042
14029
8181
211
5759
6317
6260
1594
11669
10598
12684
16046
1204
6654
6710
9551
8142
15374
7803
6427
11632
8602
5327
260
5783
1318
609
11532
16104
10168
5264
1897
14066
11893
4676
12411
4283
5129
8064
2720
6105
198
12518
10125
3148
13267
13863
12334
11280
2946
7272
4079
10281
10967
6453
13294
5831
11237
4242
3586
14545
7411
15395
3319
604
11345
44
2265
1384
12592
10145
7971
12966
1216
14206
12082
5022
11382
11057
13078
1238
9937
7535
9676
13113
1630
6078
8057
3259
11116
2811
7393
650
11276
4285
5039
9480
6894
3093
2952
12830
3523
3891
14816
6921
4904
7244
3214
14267
15494
9307
6311
1880
1490
4307
6774
11238
2460
5696
4496
4901
15597
9980
13730
13350
12549
9124
14928
11096
12829
16003
6051
1968
7724
15682
3637
7899
2755
1588
8125
1087
2807
11749
7123
8867
10670
10397
14302
7304
701
12126
7203
1093
9079
13655
4228
13220
9740
13455
15041
5135
6172
13254
13643
652
12005
15135
9193
3780
15800
8465
3210
12870
491
1425
15437
14855
12263
8762
6522
6157
1274
10609
2608
10959
2326
4322
7885
9752
10511
10601
9091
2786
11619
7387
14723
5102
11381
5199
14440
2621
3144
12652
3306
10364
15384
14594
10547
7911
11445
1653
3874
12451
4870
2540
4504
3342
3486
13318
14565
14867
3135
16354
13435
766
15670
1373
14593
16132
4340
15987
6772
15632
15178
1417
5507
4445
4616
2636
8689
10728
14095
14125
5966
8311
3358
2633
4164
9061
345
6945
16350
7610
14985
10311
9681
10348
3177
2376
1559
11834
5379
5806
2549
13895
1307
1180
8474
10568
4971
8918
886
14368
3998
7000
6009
12969
12445
3808
12481
1539
11941
4498
6097
14651
9065
594
839
5719
6167
587
10309
15462
2744
13980
3738
12313
12026
2982
14232
5567
14941
12342
7550
9445
4657
13384
13280
801
2954
11637
15467
10344
1844
6528
7589
10662
8193
11970
929
8444
3971
2539
15774
6005
7474
13099
14731
8345
5562
10636
12808
9506
4972
9636
7783
4786
536
13961
6195
4151
4204
13676
474
12027
4777
3329
12664
2106
123
12607
5559
12478
11895
3779
10686
14592
402
961
5606
394
12691
12529
5556
2385
5319
11125
5109
869
13317
3282
7977
5419
14067
12123
2892
6400
444
6229
7364
13626
789
640
6487
13148
8654
11585
8826
16344
2544
14019
10984
4478
1883
4107
14519
15033
13450
1759
14986
8994
8259
9154
10159
12991
9546
6709
14910
7098
11672
10406
4710
4397
5106
10190
6391
9684
721
7257
14433
998
12651
12266
13122
15014
14331
6246
6965
15723
10192
1264
10650
9635
1711
12963
5799
4017
13507
10941
2512
27
3102
14874
5271
6618
15058
6634
9151
5639
7909
2094
5390
3776
8495
913
2543
12288
14393
10735
4474
651
9729
8606
9089
15771
12521
5818
4314
2168
6938
14675
5335
554
9733
4344
14517
12571
888
703
9801
4252
4216
5953
5811
6964
12422
392
16257
4441
9657
414
6537
13375
5444
7599
13707
7887
11557
10692
2173
11403
6956
7425
3191
4142
12427
12344
5017
7036
14595
7868
7506
249
6663
12034
11621
10979
441
12534
12647
6796
5808
13933
5066
6461
9549
13205
15277
31
10697
5269
1128
16043
9597
2796
14521
14451
2044
5863
12567
4723
8034
11909
10128
10536
2275
2208
4274
8445
7230
9430
9734
10776
14795
7472
6882
11771
7666
9828
9050
9250
13719
12916
920
13669
1145
11728
799
1570
7039
5861
2768
8985
16271
8625
14764
5418
5707
10178
5576
5228
4732
9726
7958
8604
2833
2793
9785
2157
13546
5355
15509
8635
9989
6424
3811
1253
15364
6447
7301
8537
16191
13465
12945
194
3045
8605
8093
4692
6256
10620
6897
13441
13038
15543
8426
2259
1115
462
10073
7167
15241
3194
7671
3775
9883
11467
2165
13407
5185
3190
7262
2176
14459
14203
10558
10524
12449
14371
6287
16395
1121
1484
3073
13226
12747
9963
7585
9379
8128
15500
6912
4088
595
8271
14510
513
9589
7365
308
13723
5179
12483
14357
3785
6845
614
11169
1540
6865
4685
12841
15372
15529
8643
6937
6404
12307
12490
14069
1693
6092
14334
5370
10449
2593
13264
14511
4758
12243
15908
7727
4860
8719
4644
7
3835
4815
6611
15518
8217
4061
8347
2132
6345
6888
4424
5428
75
6534
13782
3761
5716
2397
6983
11212
11372
12877
6787
11000
10099
5757
4783
13349
13291
2943
725
1396
7510
13021
6339
14664
2877
11397
11558
8350
10126
2055
7740
1277
8108
12512
16295
5201
9350
5368
5221
4607
2819
4358
14513
12939
14418
16343
458
16362
9617
5548
7270
15322
10341
2191
7539
9914
995
14117
5798
7658
7177
3965
8563
4487
11641
11920
12882
13040
8177
121
11663
13763
3928
159
4883
3781
13306
13430
7326
10649
10871
5453
16115
7115
7611
4021
11291
5920
65
14303
8569
12363
7263
4730
10392
16093
4196
1053
2669
1482
16231
8749
7580
9175
3493
9320
3015
15171
1005
9577
4762
6388
2386
12390
5511
10280
5646
14667
7100
561
16207
1697
8947
11222
6726
2624
2054
10634
12941
6492
7129
4245
2650
8324
11629
9809
6351
11473
1924
702
4177
13187
8079
7189
4038
4203
4438
4891
7490
4371
9491
1882
13775
1519
2011
10741
2815
6435
4406
4040
14195
14707
7179
15427
907
1191
7752
8442
1406
4600
15674
4877
10669
7341
269
13538
1174
434
7944
2561
12133
5874
9158
8022
4045
9177
14054
12442
76
2329
1056
15533
6030
14313
8103
7139
3549
14586
8831
11327
6475
545
6200
13900
11393
7499
11731
14814
8573
6582
7076
11490
16008
15835
10239
3090
6543
7761
15214
12768
9477
13477
2180
1275
8171
14159
10455
12864
8287
16061
4239
6418
8822
11946
11979
8637
3580
5126
15341
4342
15345
1619
14229
2772
11110
2407
14057
103
5758
14172
1645
2661
5871
6143
5812
170
8419
12011
11332
576
14046
787
13634
9243
1189
2300
6624
621
12006
2926
1494
11588
4033
14903
4414
7730
15491
7346
4264
4071
12227
9378
16089
3838
11710
3976
1890
12660
4641
10799
15898
875
3508
5025
16064
8241
15971
11056
13978
15156
6695
5607
5504
10442
5292
9807
1772
10719
6148
3805
15925
10833
5317
8863
11443
12502
10048
2192
15476
777
13779
6752
3933
8054
7497
13327
11926
14632
10268
3129
11562
4824
8248
13481
4931
859
10869
11092
9254
14963
5573
3944
16068
14498
11464
6614
3870
5339
10049
1362
15814
442
12595
14338
1100
1804
10476
3582
5781
685
11744
2969
9087
4649
8828
1004
10238
14850
9720
5994
12961
4970
11698
2708
1564
6161
11885
8368
7946
2886
11764
52
338
9792
12040
7914
4620
8272
1489
9523
11463
3043
15313
7598
14689
12641
11964
890
2726
15446
11881
2128
7943
13196
2763
16063
15235
5183
14145
11671
11376
4205
12099
3268
10370
8452
11380
8743
7768
1312
15296
13247
7516
4327
7674
10503
14080
13808
8684
2600
1006
15864
2299
80
6665
6770
12788
15876
7665
12633
4229
10106
4547
9552
2083
15570
11034
10052
8120
12495
7332
13799
7655
3266
5409
12376
12282
4909
12839
9960
13839
6096
14049
10829
13489
3900
7682
16049
14009
5256
3474
9874
7447
7643
641
7553
12712
12881
5146
11039
9127
9475
3417
1233
4396
1205
11014
13765
14133
5125
15471
10831
8297
3007
12866
4220
13569
9441
10398
2043
14619
15860
8384
12878
1147
5501
5181
13214
13333
1321
16160
15066
14296
3247
4635
847
9543
12215
10359
12347
2503
13613
7054
1286
9412
1148
15477
1598
13195
10495
2073
4693
11638
5283
3667
8069
3466
1054
12181
73
3795
9287
4799
4361
2725
6460
833
2519
5077
9142
11757
13826
1023
8988
2095
13937
3446
1063
4874
8736
14443
15104
3560
12097
357
14656
8140
1284
10022
9803
14868
7672
14358
4301
8680
7166
8770
10314
3949
4511
1529
7525
11620
5580
5723
1995
3758
12657
8379
13004
5767
6856
10149
4471
4897
13114
12842
4943
14074
2287
15403
14615
9466
5969
9427
3715
6206
10204
2537
4919
3797
7043
15130
9493
9634
9095
6920
8926
4178
3418
6377
7280
7800
6820
1076
1477
6242
13580
15444
15826
7602
14399
2850
366
14456
10227
12244
7865
13551
14842
11323
4351
2939
9953
14432
8968
16074
5833
7026
9099
6279
5662
9520
16365
13039
556
9894
7849
7190
12055
14836
12197
12366
11012
7403
4882
367
14738
3888
3516
6554
3693
7323
673
14454
12470
10250
1065
15243
6076
5578
10677
615
12302
10357
4861
1427
1300
13858
1083
2738
3367
6398
11441
8739
13183
12901
7644
1287
6950
15956
3316
8519
16374
15791
9362
8663
15170
14549
55
5838
15995
7878
8354
5182
5083
8677
7344
12910
16314
13212
2268
12559
14114
3304
5711
2603
2178
1768
6996
15899
9157
714
3137
6129
13098
10614
4852
9032
10882
931
10320
15998
2828
7823
14548
9304
6978
16028
9478
14649
2700
14495
3901
10322
15473
9168
11482
206
5492
3687
1565
8810
2151
4462
837
8480
1008
9618
1092
9619
246
5052
7931
10646
13778
1371
2775
2036
8979
6358
6332
13988
14119
29
8996
14487
15836
2496
16273
15611
10930
10535
13631
7295
12574
5396
7160
138
9230
9528
16041
3825
1849
7766
7492
2189
14746
2371
10312
11628
13970
15616
2090
599
11342
15564
2001
5862
7659
8613
14021
4619
10999
14403
3159
6514
11084
15763
14323
8126
540
6301
9070
9884
14314
10480
464
14975
909
10399
13930
3574
9790
12713
796
5223
6553
4524
10440
6187
3405
5503
10219
9465
15409
6127
6261
16051
14739
15039
6383
3260
12857
5293
7437
1760
4044
5692
8671
12954
12865
5946
9672
9383
15824
6489
478
5742
12414
9948
3267
7308
5021
1726
4179
6155
9892
1502
13472
466
5498
1155
11516
1592
2718
13163
233
14685
5195
14343
8880
11476
1404
4541
9117
6133
7155
7225
577
15647
14405
4836
973
10610
13557
895
1665
7109
14051
14453
1932
3917
8990
1656
15304
3200
4634
2607
653
14864
3483
9673
10297
8517
461
11448
3826
13049
7559
15137
9037
5957
7414
8526
3567
5740
2272
8919
2703
4430
2887
10864
8652
12886
6512
12110
2792
2647
12050
10065
3737
4807
15584
4842
5762
4058
10084
9497
12554
416
6297
1009
10963
4622
8440
10706
16396
2606
2225
14457
8348
1028
7873
776
5314
2791
13224
6963
11077
3064
7709
10408
6231
10028
2221
1913
2625
5070
6038
6538
12972
9382
10191
14201
16097
14149
12871
11844
9208
10765
8624
15589
12825
15459
633
13673
3280
4311
15685
15918
5728
3113
665
1067
3242
16158
10035
3520
11984
5191
11874
2888
8742
8954
5525
2110
7798
3025
6225
7146
5529
16066
4585
13102
4735
10639
6439
7718
13346
6691
7194
12292
9911
6962
6558
14643
12291
15371
14943
13228
5463
2565
15013
11567
4011
1681
15970
4560
7722
4551
14390
7683
4247
11674
15591
3716
6324
6018
6031
251
15969
9447
14310
1070
5889
13543
5259
5388
14540
9110
13727
16393
7569
11225
5064
11008
8303
6730
11798
8980
15511
13085
14388
9900
720
4727
7744
1292
219
1072
12833
15707
16363
16276
1524
8859
4536
4306
6657
4757
7557
7699
3569
12737
8130
4426
7119
5942
4134
8005
5921
3100
14093
12281
1983
12236
7505
4455
6224
7874
11296
2998
10183
7442
10165
751
3954
5455
14463
8496
4755
502
4885
13009
8585
11179
2119
14169
15895
8731
11778
15417
15365
16181
5965
2620
5268
14400
6936
15300
14936
8597
11991
6791
16022
13923
3217
11017
6483
2672
5079
4004
7956
2058
14783
8546
5741
9271
2778
10640
10308
14969
2216
15257
4960
8636
2109
14537
2133
7945
9690
3445
5427
13198
7310
11936
1895
10894
3286
7641
4879
15501
3192
11861
10675
12893
14200
8771
7779
11535
9955
13711
5572
9019
9716
15625
6375
16328
182
14926
7938
16154
7664
9938
3184
7763
507
14683
12564
12869
908
6193
12606
9280
11887
200
2060
15757
2264
13225
9599
2084
9059
96
14280
15003
16130
5789
15092
1021
4159
10981
7435
11899
2646
14993
1512
10074
2098
15413
265
12207
1269
12994
9964
10764
1256
12306
4889
11527
14037
13540
2405
2827
2541
13033
10661
7619
2556
6843
11813
9641
9034
12009
12321
15528
15967
14424
9779
7132
4432
8424
2323
15878
9918
13380
2623
12368
4668
15027
4139
4956
8853
14079
4994
678
8277
12254
522
8349
15630
2076
3765
3451
4791
9808
2554
3722
10089
13062
11470
15593
5103
8960
10203
15315
3469
4334
175
5289
10182
7408
2375
9462
3336
3340
3655
5925
14157
3871
14637
15225
7568
9572
13562
5944
3269
6431
287
6870
11446
2803
6966
13660
15057
9206
5822
634
6499
8686
3918
3583
7349
9483
5754
4433
15090
1785
8656
12611
10071
15441
16
15794
14112
9209
4207
7351
14900
3279
15896
12536
15227
1460
14473
6976
5081
4411
4096
16090
7538
9558
6545
13482
12348
8787
7927
15646
5354
3720
12476
15665
9926
14091
10526
5322
16103
14805
3092
12336
12913
1657
11032
6891
15029
11167
788
5280
350
3421
11694
16027
5701
5424
13769
12959
15012
1038
8623
12439
5645
5443
40
164
5233
14791
12010
10841
13544
602
15022
7548
718
3218
13293
8262
1922
14180
13303
2628
4047
3008
9179
4596
9342
6656
46
9058
2637
4829
8989
9022
4804
15168
10566
7052
4012
970
7209
7064
8129
1196
1663
3275
8265
13577
15228
12683
6744
13443
1112
7707
10291
15928
1999
283
12789
4338
9386
3593
14582
15542
2051
11117
7095
9996
10523
14118
6682
16256
4101
1432
15801
15221
14771
16349
5558
7089
1774
3198
1515
4316
15735
14165
14059
8845
9962
5549
5323
6123
10393
14835
178
10447
12927
8746
726
16269
12654
6488
453
16330
13464
1600
12635
8539
12268
12007
3235
1057
7673
4091
7277
10720
5210
14740
10944
8286
3544
3389
5977
541
7452
8781
10904
734
11689
11659
3364
15527
870
5618
10375
8893
11391
14277
8491
13678
4090
12962
12406
12144
8455
12799
2105
7844
5403
2325
12740
13466
732
15932
9580
14898
4460
856
705
13592
15089
10310
5676
14972
1860
3195
1003
13421
1950
11480
8392
15373
2444
6860
13064
1225
424
13035
277
12338
7074
12246
4319
12884
2585
9836
11695
7653
4642
14888
9147
14065
4141
11780
1821
10427
158
15734
8433
6135
3905
12690
9838
3004
1173
14700
11128
9968
1661
4175
7738
7524
3033
588
12715
14140
2604
4486
4381
7964
5041
9012
12546
7218
8462
14129
2457
12456
5038
7847
7560
15107
11364
10410
3941
3753
5464
1571
4841
4389
6697
9956
2379
11758
15488
1973
4687
8891
15863
9719
660
10953
8875
15601
15020
14214
15803
2211
7235
12021
14641
14420
14070
6173
13034
14556
6456
15731
6862
429
12599
4176
2415
5175
8231
13939
5749
11164
5440
13942
13121
1068
15904
15059
8958
11227
15342
14350
15218
12223
9468
6994
15161
14784
3937
2455
13874
8809
3356
16264
12519
4439
13796
1923
5983
6448
12708
378
12128
5297
10327
10426
16221
14646
4716
8155
13249
11314
16124
13559
3477
8772
9033
9438
8090
10036
9663
10335
10724
407
14767
767
3385
4452
9173
3258
187
2125
7148
1751
15402
8620
2921
873
11719
2138
625
9620
4947
12899
5891
9326
9426
8467
2217
13135
9876
8198
10479
1419
2445
14808
14182
9121
9469
8943
4769
3392
546
14324
1527
6482
10454
3633
4837
13106
4057
440
3622
1556
3179
5478
14030
1283
261
2387
13476
12525
8157
11788
446
3504
1091
12848
12159
13137
12784
12771
4772
11892
3868
10883
7201
2335
11872
1366
10008
14876
12568
1650
176
2099
15809
7215
11171
6670
1305
172
14905
6700
12719
15743
7459
3551
11135
9470
9986
6455
4370
12923
12695
13385
3533
13982
3850
10613
8148
10437
2745
14530
5915
13298
12860
6370
8160
5299
3061
11786
2598
9233
15493
13548
15381
1775
3017
4660
649
7788
8024
7212
15793
1309
13469
3167
9261
10619
14562
9246
2862
12448
382
2868
13693
2981
5073
8323
6596
15766
9294
5499
16220
5168
4684
10489
15621
4955
5075
2327
4337
11143
1463
9755
15546
5016
3050
14101
12874
404
13815
13394
8285
13809
14317
10823
10002
10972
7020
3221
14175
1317
14158
141
1901
13990
2466
8915
1714
7573
16164
16255
14901
14396
15755
5557
15874
3390
7156
14284
185
15164
9418
5378
2864
12142
10814
14326
15294
10881
15550
4599
2261
3840
4211
8360
5630
2056
15580
1947
5712
9601
12701
2840
8175
6169
12454
7031
9313
7828
15265
9658
8483
1834
2222
12337
3632
386
1970
15534
1616
489
9387
3229
2438
4940
2749
10737
9076
5756
15849
14848
11616
3948
12433
5663
912
7274
10450
12817
5436
3155
16310
16213
13979
16176
2498
5318
11339
13162
13496
14380
12955
6158
6612
12805
7480
12583
3515
16013
13057
9600
12241
6641
7716
393
156
12507
611
9460
13648
14486
3964
250
4280
5513
11998
16290
10539
2467
2681
7753
6818
16261
5036
3864
9210
6236
3940
13213
10112
9473
590
15224
14768
3688
10844
1224
7748
10057
8001
2831
13458
13518
11494
2809
6180
15215
2570
15884
982
13355
12982
12060
3658
6887
11593
14395
7564
9571
8332
3875
11772
6004
8205
14339
6481
6176
1618
6901
5249
4537
16001
8535
7410
9384
11922
13849
6734
12335
15857
8766
484
3119
15727
5517
9394
13508
10527
13606
2841
12677
14996
9428
8002
11596
15637
939
5060
3441
8632
3537
15185
3313
15627
5404
10624
706
3708
3380
14840
12373
3514
11085
7135
1446
8185
4656
12261
14503
14811
3741
13177
10587
16045
11390
5677
7795
9118
3568
6414
9213
10122
10995
8030
11337
13209
10644
15410
12491
4529
12137
5258
5284
1929
10560
12381
1394
5141
8780
154
15683
5791
68
6365
9594
14508
15251
13838
15556
3462
10498
2046
937
11555
1575
7760
658
400
1975
2794
8858
3618
9068
11767
13351
12113
15319
13842
1593
5389
10333
4698
7883
9912
6137
5876
9637
15134
8938
930
16140
13491
3798
8847
1828
3652
8878
13625
13860
2187
11653
9624
1741
9063
1160
4005
9541
7675
3512
11109
11154
15963
1343
9678
7719
12489
6732
3165
14834
7422
15603
14163
15738
7900
4900
4808
4584
12676
5203
4942
4933
16019
15868
13454
2215
9783
8127
4469
7591
10433
11988
11051
12653
6334
2311
1422
197
5220
3333
5469
2874
11437
6102
15842
5430
11009
12967
7687
14389
4368
6866
13185
307
15974
4113
13712
7737
11841
2452
166
8528
454
7518
9221
16218
4639
10088
6696
6658
7816
14680
124
10822
4856
7617
11286
7680
14018
9897
2314
760
7476
6685
2675
14002
8532
10436
1273
2304
7872
7176
5587
7366
8339
13587
4336
12355
14654
6854
5188
12903
15905
11577
8461
13300
13117
4782
2477
3281
9593
9777
12440
5581
16239
16144
13927
12679
3842
12077
6720
14745
2781
120
15474
13901
13906
6327
1071
7029
6635
9492
6701
6517
12242
14796
13032
4558
7904
13694
9390
13903
13386
6472
13760
14994
2948
6010
517
8243
2577
468
4957
16012
1137
14859
9578
12325
8590
8477
2263
3939
129
5462
11140
10758
5000
1428
12589
15042
14691
10557
15687
8081
11913
3766
5774
8921
3354
7120
2485
7255
7725
8119
5222
7478
11955
13635
11891
15470
6315
5046
4343
16026
13887
3330
11876
12426
5978
8150
15976
16142
13817
3677
15421
10761
9710
1920
10804
12693
9196
10352
16141
7952
14290
8118
15435
11723
16205
12179
7650
13231
9839
5505
14138
8276
1390
9862
4686
6737
11081
10226
10607
16335
7396
1295
2147
2102
14299
11407
8190
368
10285
13152
13932
1561
13223
532
5149
7962
375
2839
15067
4155
3413
13158
3193
9576
6276
4054
16134
4453
3397
10042
203
14354
15855
7383
2716
14327
11635
7891
15154
5158
6763
7654
9536
850
15169
16348
4830
13843
13110
7903
6124
2696
774
2688
5622
11119
51
5883
2431
8691
10026
10294
6181
10858
11111
2826
14516
6972
11404
7790
6112
9407
1510
6570
10409
8720
9861
6664
6088
9611
13415
9081
10715
10412
15302
230
6750
12761
5068
1930
11158
15795
4444
15445
13180
786
2429
5555
4181
4273
10101
12937
4976
3014
7245
11963
1758
15451
1620
12602
9111
50
14078
9896
2352
10319
7261
2612
1522
7511
13371
15865
2579
11552
14604
10198
3852
4978
476
2782
6980
8322
8009
15398
7264
1358
5270
15025
8268
10916
3553
4369
14703
13715
7981
3908
12807
3851
14279
8735
3442
15573
14013
15485
14356
11375
11903
10197
16364
14988
4297
11611
5231
11284
5187
9671
1167
5905
15416
14120
5352
422
5250
15636
4013
1704
11387
10712
10834
4738
16073
15098
14497
13398
3735
12245
12093
6438
10055
8510
7930
14217
2938
14464
14428
7916
11491
14515
7544
16096
2052
5583
8279
8238
12359
2232
13520
13831
11208
15886
10838
12538
12393
4819
10163
12694
13633
7519
12948
11298
32
12850
791
1306
6094
15952
16127
7582
8923
8174
10815
7708
675
6422
3994
12537
11021
13456
8307
4339
10231
6314
13029
12324
4823
7755
4672
2978
10754
11842
209
12310
16179
1017
13285
1778
14197
8529
959
5907
8490
10428
14058
14865
6
16347
8441
10808
3547
4157
15299
8837
2212
6687
1372
12704
10974
4867
12682
14873
13701
7075
11283
10170
9004
14892
10395
568
11175
5887
6156
10713
2534
14090
9554
1980
7297
8432
7622
3730
14111
974
7267
4366
10207
82
10997
1069
11452
3074
14853
1051
1040
1383
14661
15748
3396
13885
10945
13890
7141
6360
13689
10195
13864
2845
8706
13578
13821
8497
11401
4066
487
10572
14984
3648
13217
11703
6868
10740
4917
1395
7774
7216
9476
14827
5971
5341
8235
16194
10582
5282
2369
15424
11511
108
9082
6749
3141
2021
10611
7648
5140
710
10358
9199
5218
5034
7324
1805
9510
8790
12981
12161
13281
7595
5579
9698
4324
9150
293
63
236
5029
637
10109
5683
4359
4880
6454
9503
1734
2372
11472
14786
8210
12029
6603
12780
3707
10893
15083
4180
4873
5813
10605
6816
16100
6309
4674
15920
1297
16311
11613
4
13377
1231
12380
6385
10179
12640
9596
7327
9170
2918
4550
12371
3538
11747
6501
6042
3638
1898
3772
11945
5435
4949
315
11615
764
9041
11319
7734
12309
8839
14611
14127
2515
9603
2049
9786
72
3386
1885
11269
8116
4521
5854
3485
3929
7092
7151
12847
13378
6828
14128
155
6462
6898
10660
2463
7096
550
10432
3674
11287
9935
9312
14947
6349
5474
11526
2853
13772
892
9774
12400
14748
6138
14681
12629
12501
14004
11267
2159
13780
6272
15742
8913
6780
15242
7242
2514
6550
14047
8269
15303
12958
13211
10653
11095
3020
10009
7162
7382
8582
10891
137
6790
15301
4679
10164
8610
6813
2281
13806
16306
14216
10448
7689
14500
12101
16189
835
8469
15623
4803
3629
11392
644
8894
806
8784
15808
9817
110
10689
13617
8707
8102
655
10785
1604
16002
14190
12624
4612
5709
9997
16323
5545
4260
8866
1497
3749
3896
5040
12912
828
12056
5552
13075
14823
5939
4539
10968
6784
14629
12065
7864
13367
12644
6429
8195
3521
5713
8416
15514
13063
12274
5006
523
9314
2042
8963
3669
519
15530
1585
15425
9590
11787
16024
12733
2671
5178
13674
15368
8151
13971
1353
9741
10714
12603
6971
9929
1496
4768
8912
7335
3647
10491
7982
918
10405
14173
9074
11146
13015
12572
12785
5726
13018
6110
3979
6918
11063
12372
10041
13010
4463
4890
1889
3151
9573
15159
12746
1910
5924
15729
14413
2277
4785
109
9940
13487
8244
3596
5568
903
10546
35
6063
9005
13439
1080
3099
10928
4806
1096
7954
4736
384
1933
14792
7684
1566
15448
14110
14152
4089
4580
1435
2852
14757
5050
14255
11850
11430
5239
14891
2035
2396
322
14251
8346
12819
8775
13744
7693
325
4894
2152
4423
2824
2419
3312
5956
2041
2473
11075
4718
9693
10487
7423
3473
2548
4802
5772
6855
8955
7989
14311
14304
813
12499
13511
11415
9844
6939
6366
8609
5999
189
8105
15933
6381
591
4906
5816
7032
9522
9889
12188
14650
16251
14483
14733
225
15478
10896
12460
8542
13733
1207
846
3338
1213
12431
296
3975
13829
11541
2902
7802
6684
12169
617
3293
3169
11016
15746
11328
5114
14785
6443
2898
11137
5603
2093
15549
8340
9560
1966
11193
12327
4137
5311
8163
2908
5848
10907
11047
11244
1418
5294
6981
2729
5130
12949
11589
9555
6526
3400
16161
8218
11149
1911
2074
6011
9487
11765
2322
15609
14844
10748
8801
3277
5547
1308
6313
12699
10842
4490
7834
9066
215
13828
4365
13632
13274
684
1900
797
14728
14382
15880
10315
11799
7723
10654
2644
12396
2920
13965
3545
4510
6353
16400
3717
4348
9666
9905
11115
13708
4425
5345
5984
13700
8028
3548
9695
1039
10051
15684
11677
9913
7347
3019
3120
1439
5852
8906
13134
5044
10538
15575
14885
4512
10323
5
9878
13560
15979
5528
15163
16278
8407
14167
10174
1572
874
3219
1816
15050
12290
13323
11846
13156
9374
11897
3407
10522
11718
4401
765
5690
10029
11432
6886
6942
2977
213
4323
12898
14249
6560
10394
4705
15986
12765
9160
496
2546
5400
10054
16355
662
14752
8849
2161
16234
6743
15834
15367
4581
406
12614
10985
9652
6858
4884
2488
3040
8862
6541
12752
4707
8020
13662
15927
7820
6874
6928
5165
1302
8288
14438
7329
753
12163
85
409
15344
2250
7818
14045
9812
9917
4997
1603
5959
2774
6913
12879
1756
13245
10097
11035
5705
3142
3010
7013
12318
1088
9847
6323
6286
15415
11717
1346
1674
13600
13139
499
12590
7609
933
7462
9855
10578
2203
14361
14991
14717
10826
16108
7576
11972
15853
9529
11275
8724
7128
5609
9662
15645
6319
13202
8776
5746
2468
4944
7897
16047
7827
10465
5434
11668
2086
4116
7438
7652
11199
15174
12831
4991
12753
11439
6268
430
3162
5527
13230
5045
11918
6474
14822
5540
7286
16406
10083
1608
6595
2363
10701
4602
12745
4820
1123
9054
6091
10220
7428
10286
13777
4376
12577
10919
7204
8393
14673
7681
12566
9967
6907
5198
10682
330
15689
12345
5272
14289
15566
5054
4217
12569
15722
5894
130
15698
1806
2494
6788
8114
1119
733
8227
14053
3202
14435
15350
7953
9860
4775
2045
9632
4010
1175
632
15103
14940
10070
16390
15555
4851
1500
4896
12814
8141
5979
1271
6162
2687
6426
2715
11634
5495
3844
10038
13668
204
2709
10318
9003
12998
11507
14121
2702
13783
7299
1212
401
2047
7960
333
15397
1334
2843
16067
8451
16293
1996
12267
2502
881
117
2305
3346
7741
7247
6806
7138
7246
7440
7642
11429
10684
11868
443
827
380
3172
10369
13368
10082
420
1209
8399
8430
15599
6179
11368
12234
9472
6059
4493
2855
12165
12892
11873
10353
5641
10288
8842
2169
275
1144
9837
3066
3731
10977
12513
13136
1967
1357
9249
823
10940
1748
2766
14032
683
9060
10688
12987
7389
10025
8373
5097
14907
4726
15678
15610
16308
3575
5751
5520
12091
14164
11186
639
11046
5577
411
16353
9532
7889
6403
11200
12778
4299
4604
14722
13272
832
2428
1847
15582
8179
4384
4352
1476
6289
9667
16287
6914
5561
1671
2520
1279
12258
11901
12205
14476
3143
14446
9140
11599
131
1709
6407
12222
2717
5625
316
7764
11574
6269
5986
8634
2195
2750
10420
10180
8848
7758
1255
11130
11301
9411
4002
7150
4488
8463
5546
12070
4594
16168
5055
15354
5090
1698
9189
5432
13155
8106
12486
15053
12827
11385
3432
1470
12158
3081
5381
9622
14987
3291
3145
3147
11442
3505
8166
1580
1815
2298
13743
74
7266
12492
14754
3509
3132
1680
92
8504
16235
11777
10006
14955
8774
5176
14194
2682
14628
14225
15114
14252
713
14857
12024
13746
13717
9291
11303
7024
7528
8448
533
2278
3244
10603
11352
3654
1867
12303
3957
646
9831
10386
5010
2368
11962
14761
279
4865
11163
13881
6767
14918
7168
7133
13876
6457
9711
13687
1634
9453
7616
15336
8273
1638
5342
2291
5870
1591
1014
255
5821
6725
13151
8401
10630
11271
7959
11622
11660
4102
8365
14176
14369
2107
2344
475
10371
5020
6650
6132
13877
9821
6944
7526
9316
12742
15249
463
10828
8388
16380
2480
12787
6675
4302
2418
289
14613
10571
14961
13329
5973
12579
4289
7805
12392
8670
13449
2319
15624
14912
9898
3324
6198
13194
10389
11676
11005
13390
9293
7293
1044
344
1228
10500
13022
5174
7099
10888
11768
2622
2685
15263
986
5782
6911
10007
2501
7254
11022
4712
4525
6190
2039
15465
5184
4636
16084
15271
11374
13028
6877
5277
9579
1998
2814
5471
3995
3603
8524
15346
8750
14747
8506
757
15290
6605
4690
14581
12081
14162
15430
6000
12052
1369
2505
2690
15026
6238
9939
12809
10414
13975
14564
12105
7420
2475
4993
11356
16383
12079
11576
101
5585
5571
9502
9745
1787
223
7461
4790
14292
8062
5119
1647
6969
11402
15031
6464
6150
7048
11440
10059
8473
10564
351
2689
5307
2835
10993
14794
15231
15559
2929
12166
11496
7306
1102
10349
370
12151
5930
5753
3747
12046
8334
5226
3823
8446
10160
3759
6798
4834
4093
9858
245
13531
14879
15078
12791
6230
1458
28
3062
4222
12416
2866
8515
891
9653
6889
1955
6878
12287
1108
13348
4104
13882
7908
2456
15375
13445
6621
2990
11824
16294
13688
9674
13658
15641
4855
15680
15548
1251
6674
2905
15233
3447
11384
5139
10199
15643
15701
537
951
2113
4559
13672
14083
13612
9923
2010
262
6716
14904
4566
15802
9702
12770
9659
6292
1140
6844
2863
13553
6622
10824
10905
15347
9010
12706
10709
10103
365
4436
13353
3832
13340
4138
14307
12596
399
14491
9305
11424
228
2930
858
13072
1098
12935
13258
13797
14415
11625
1528
16006
3057
93
7184
15094
4209
1007
1715
10481
3230
5771
6394
6392
12018
11066
10290
12233
8211
2409
7586
1721
15907
6318
11181
821
4355
2097
5347
13259
7097
207
15492
13210
16105
10588
2213
1240
11101
7775
13357
16120
2359
1349
5702
3817
10024
16226
7195
1339
606
11566
4272
8117
13825
7773
6984
5454
1163
8559
3904
9106
6762
3454
8806
1393
13475
6171
7606
3694
11123
4201
6759
9267
3063
923
14052
13800
14086
11141
6273
11250
13929
3315
6265
4249
4382
9602
14902
6869
11503
9317
11581
8041
354
16268
314
14884
1367
6052
5835
12139
824
9680
2448
7597
15765
12858
14648
4945
885
9102
4653
9071
9253
3326
8096
9353
12213
16087
4232
6232
13640
2465
14687
8437
12216
8053
15238
2526
2523
6402
4809
5364
7942
15184
9764
1976
13703
16225
14341
1461
8812
13586
984
11240
11216
7208
11933
2091
10096
10121
10205
10554
10439
15166
7217
10514
9165
4795
5612
11510
3464
12813
7695
4437
11864
11811
13006
11802
14012
11832
6686
8264
664
11468
15889
7406
8872
11797
6645
6783
527
11262
2202
3892
1974
10390
14990
8294
11587
13027
12443
11571
2481
6044
4966
5063
2027
5098
14231
15392
3238
12183
15023
1783
5124
79
4495
11815
38
9517
3587
13109
5480
8453
3180
12533
5735
10325
612
5011
12762
3114
4473
3541
5685
8901
13735
8556
3134
14679
7213
11924
13315
9798
2797
15183
4578
4127
13535
15614
12096
11406
7250
13642
12918
5958
5331
4923
3431
5668
4483
860
7782
9182
12301
3919
14485
13474
2382
4393
13656
12475
9810
2258
11986
227
2759
5521
8633
10717
7575
15009
10954
1587
15394
10642
2884
9508
7856
3816
551
2825
3640
8618
244
7660
11538
7661
6006
8133
13215
8460
9748
5846
6249
7924
13805
4761
10063
4905
12999
1200
3880
1354
1493
2354
22
1364
1972
12047
2635
12387
13143
10975
7588
13819
13869
1938
14980
8257
6600
1615
15209
7275
3571
11160
7011
11505
10501
659
4435
5241
3103
9700
11341
15157
10563
13393
2985
12822
8935
2885
9449
5724
6604
1696
13411
7765
1423
12394
8860
3285
8300
3209
12885
2403
2665
3980
1993
4725
4195
4210
9027
12867
11196
237
2842
15696
4731
8507
15006
1237
7305
3423
3682
14227
12582
9846
10771
2730
1692
12543
6493
9767
3412
12346
14559
8486
1757
13277
8580
5747
12943
8048
10987
853
3031
7457
8502
5912
2996
7786
3555
13512
11604
569
11450
16228
5062
10061
7879
14524
9978
2437
9859
11898
14285
4145
10005
15567
2150
8808
11902
12088
7157
14312
9100
9682
4967
9814
8216
14824
1685
9228
14782
8692
12332
106
10430
4647
2538
3097
12185
14103
5830
12686
9393
9413
6341
1825
14202
9069
6927
3465
14036
10401
11325
8021
9178
6240
12689
1906
1832
11693
4070
4743
14124
11104
12594
3831
6071
12127
1949
15005
4074
14329
15923
592
9331
13447
10731
1573
16044
3528
7241
352
7679
501
2390
14930
9751
16215
11513
6879
6432
6321
4077
6259
8405
14536
114
13728
14600
3728
13928
6204
3665
3981
8631
14102
16246
8352
917
4988
5638
10067
6776
10368
6165
4752
7772
9380
3970
10996
6344
15393
15872
5734
15981
9431
5636
12749
1139
15175
16263
2860
11139
11279
16232
708
16291
3946
1385
8073
10855
2296
16394
15450
8599
2955
14022
10509
14401
12811
12178
2154
9854
1171
15830
15458
2991
13533
962
2776
11655
4253
793
6425
11840
15095
12854
5802
14765
6450
11607
8045
3187
2140
12375
7171
6931
2631
5922
2450
10821
4480
9754
12430
14895
5361
13193
12505
12618
1936
9928
4627
10066
8266
4671
15484
5414
11639
11144
5900
144
5186
15443
6293
13848
13659
6653
14183
7628
15520
3111
15054
4022
11959
7302
9369
11173
4986
132
4165
5387
1281
2053
3854
14328
8342
687
2179
15065
2370
3203
992
5739
1218
4899
11036
6746
4418
12378
6065
13956
10354
2569
11960
4007
696
13147
6610
8819
16079
8879
2732
10663
4784
10012
6632
5343
6761
14781
6473
16032
13242
16377
11822
10402
14469
4292
1278
11293
1311
10474
9397
148
10355
14601
4035
16209
10356
14555
10381
7893
9542
1153
15380
2854
8493
309
12063
2507
3105
4631
1733
1589
12763
15845
10950
16259
5173
5161
10023
10104
15202
8374
3327
4789
15805
7698
9548
1788
8027
2984
5053
12834
12405
1948
12587
7613
5007
14219
8555
14686
11061
916
3951
10214
6373
12547
5729
12711
13793
893
1612
11654
412
10518
3366
898
11335
15598
4394
9409
15332
6384
1220
12786
305
3404
9323
12090
13339
9437
3232
6170
6900
3123
8756
12012
495
2033
12628
6778
4293
4751
15505
10512
16375
14113
12386
12578
15082
10385
3228
1345
14207
1866
12203
12078
7854
13005
14591
4050
12700
14695
2205
8234
10030
6101
1183
16159
10990
8673
14309
9137
12880
3554
9424
11423
398
