8609
739
170
1229
10901
4280
1517
6933
5130
7145
3312
182
8351
6324
1449
4557
1761
7983
961
9974
9307
9206
5718
11497
9393
7638
7350
6327
11847
3555
9230
8097
2312
8724
11167
7299
9119
7772
224
6619
5228
4574
11783
4266
330
12095
11048
6556
10716
9779
9183
1921
2980
9327
4824
2899
8670
2651
4611
7719
1678
8142
11645
2627
4795
11886
11534
3744
8000
8317
7116
3077
7670
9411
11708
6086
10465
6453
5355
8319
849
4349
4100
3206
11826
10417
10155
2213
198
8298
2789
10430
11680
5031
1291
10103
5829
11041
5667
1462
11672
1977
11867
8472
11664
4029
5737
7598
11510
6447
7577
12176
246
11942
3165
2155
23
1038
984
7709
3276
3422
2178
2179
9644
5116
7904
8104
6993
6368
11360
4226
8077
5232
3671
12084
7138
9201
9800
3596
6929
10872
544
8250
2855
884
1852
5178
4346
4411
5872
7454
2133
7152
3748
6074
628
5995
11591
5180
5097
12073
4844
9607
927
1005
11903
488
4821
584
1400
6739
11647
10830
11381
9459
11134
10399
3641
7733
810
7344
8241
2945
10642
6768
11842
10862
11124
1363
6227
8087
2011
690
4370
3585
7367
5477
2600
9844
9155
7094
11583
3316
6323
8995
10586
11562
3343
9468
77
3865
3306
5931
8758
6590
1621
11387
4189
7237
7629
7883
7512
1766
1024
3518
11415
9608
1605
11014
9432
2009
10349
10262
7251
3595
8478
3734
4764
8436
10771
514
9010
2223
462
7686
2348
8431
2146
7341
738
4761
1388
2795
4269
5756
5192
2764
9470
12064
3817
3239
29
10659
12037
2522
3905
8733
5320
3202
4756
4006
8813
6852
6575
3874
2267
10525
5015
6102
5738
1450
11341
9246
6873
1623
2678
2564
5098
5204
7731
8802
3434
8069
2438
2052
10749
7315
9821
7413
6522
3160
3144
684
420
269
4205
5826
680
11948
580
3056
10370
1553
1051
11117
2960
2201
5648
1373
11201
1894
1961
5136
6470
1152
429
9697
5788
2718
539
10655
2326
1810
11621
8328
8806
11187
6355
9163
11633
10406
7303
10953
5939
349
210
4506
11820
2385
780
6399
7969
4845
11974
7128
1175
2017
3375
5328
8840
1937
9265
6707
8905
9937
453
326
3466
252
6978
3902
9367
7673
5169
4333
5285
3018
6742
106
11735
2735
7622
6421
4631
1886
9943
5068
8662
3941
9112
4279
9757
6840
7301
10448
8
3224
12192
843
717
1634
6501
9566
8010
9130
9332
9026
7437
10900
5417
729
9761
5626
1246
8048
216
1056
4085
10555
9268
12205
8401
5623
2337
144
7548
5508
2285
9410
3365
7459
7833
806
4531
5607
8229
3664
7230
7715
6778
8060
103
11474
9259
758
9113
5999
10708
2743
3404
7182
6932
3032
5549
5904
2215
9446
8551
3355
10676
7300
10773
9921
11219
11223
988
630
3545
2181
896
6456
1075
5681
1703
7509
1522
10147
8957
6902
7228
7735
9231
11873
2103
6006
8103
11252
6369
852
9682
173
931
5118
3288
9189
8026
1215
11047
3705
11107
5703
10204
9627
2219
3622
2549
622
10288
10421
6270
10199
3513
3155
8705
8596
7296
5556
1382
4122
11852
8666
4525
9647
3592
7436
7049
12081
3936
6152
6966
11039
3087
875
10436
1822
5491
1846
7050
5787
6503
10457
7092
11333
6242
4906
6560
3887
6943
11861
445
9664
11482
5929
10566
2900
5742
2265
1954
6004
3660
4523
674
6952
4988
10070
4567
298
4434
9626
8567
11792
3320
3851
8587
3461
8809
1692
6563
10709
4374
3689
7558
6623
4053
8566
2912
11843
5421
12025
8042
2677
11100
11769
2628
2834
2091
7658
7777
8742
8206
3940
6529
162
10401
10632
4893
8686
2021
1881
7665
3681
7796
11688
2860
9599
3367
8195
7751
11913
6330
2703
9023
5723
5120
10987
12016
10504
1677
8892
3062
7775
7585
5486
2492
12183
10067
11185
4708
7726
6103
10360
11689
8645
3322
1638
8395
889
2560
8034
9666
3885
7930
9548
4975
11113
2192
8483
6392
4808
8004
11338
26
1636
11700
161
10223
3567
8760
8935
7034
4162
9776
7954
6292
11004
11805
1668
5679
617
1423
9661
8186
9284
8807
9106
10941
12152
7324
12068
4463
5056
1763
7972
3226
6287
3214
11970
7019
7119
971
3487
4342
11336
353
4577
2275
2951
1682
9210
11406
318
9864
8683
226
611
10192
3963
9479
3830
7489
5070
10176
5141
1688
8157
8279
8595
637
3286
5088
1376
10954
12271
11481
3004
10031
5950
8176
2248
10162
8178
7934
3787
9467
1459
3923
6413
3368
1155
8504
5800
1513
12157
9934
10045
9878
9296
8633
6951
10371
1928
8018
2064
5729
386
7815
8759
9699
11883
5241
11667
2724
2809
327
10820
9869
7864
4882
3147
3001
5544
5197
2740
9987
11729
1078
10527
2736
3140
329
11661
5151
10094
643
6200
3784
6850
4360
11971
10819
388
5104
4946
1135
10101
8460
3868
5763
6574
11924
9287
2637
8150
1360
6624
7696
11254
4219
4479
10787
2276
2525
3547
993
9835
1633
6095
9340
3282
7544
845
8484
11055
561
2755
2800
350
11349
5219
4347
6112
4399
10407
9605
11615
5278
8119
10910
1749
11233
8657
1958
3991
9457
7573
2442
4799
283
1484
10893
5274
11363
4124
1340
5114
11622
3557
2653
6117
12144
4325
5398
12004
4165
11987
10086
6813
4355
4422
1094
4952
2030
4450
10673
9359
1393
2806
4069
3079
1641
9251
573
11468
10999
5243
3615
5579
5966
2393
9660
2819
7722
3053
8347
8762
2705
4829
6196
7443
1736
11186
6887
6124
4455
7268
11943
4315
2089
1198
6139
172
5735
149
24
5476
12003
5945
8636
6987
3414
3065
7178
1650
4981
7938
4456
4301
11114
11399
10424
6971
8403
3711
11728
1444
10488
6788
225
4160
2019
1278
6655
3253
5532
9694
10564
3790
8092
1346
11682
4432
11308
10797
2617
8836
9671
1392
7547
2411
6955
4381
1685
2071
2681
10931
7210
11865
11005
7293
7247
4805
3611
2936
48
1208
233
10379
9526
6350
2331
5494
1148
8329
968
5438
652
8189
1597
3628
11813
11144
2476
7363
4965
7948
4457
2026
120
4070
10626
9585
8259
8606
10686
4126
1570
5675
11414
6832
1581
6337
3330
10849
348
7554
7086
6092
8238
10935
8228
1134
6691
9054
2334
10254
8350
9192
7036
10552
1520
9098
9250
8556
1458
2977
9787
6636
156
10294
2347
1979
5535
4957
9125
5338
8518
9768
3925
9866
7995
9954
4473
9185
9764
9902
7004
12118
11748
8214
10668
11171
7097
11369
4969
10280
4755
2352
8476
1615
8998
291
8979
5977
6146
7865
11602
7625
62
6511
7830
10831
3040
11259
9286
5585
8804
7493
4382
2876
794
9514
2682
11649
8907
5825
2998
5570
5741
1922
10972
1725
9932
8602
8572
9121
11709
7169
11876
6266
3385
6199
1841
11749
3227
3325
264
4304
2287
4994
12289
1681
12099
3352
8640
8068
10593
1897
9220
4105
8498
3759
10594
9683
11403
11212
12123
9597
2932
6657
437
7781
5730
7491
12103
6536
3883
2586
4922
1504
11953
6153
9320
6320
5096
6774
2759
2126
11298
3134
5463
5959
11576
10587
8402
8327
5157
2591
1350
2883
4461
2483
2397
9594
12177
4341
11411
3862
7903
1876
6284
1785
8193
11991
4363
10625
9024
10168
10245
160
2383
10284
5223
4621
7487
8652
5859
2650
1924
6364
11276
9630
5654
6465
7424
7716
11092
9264
11506
9428
1324
10791
8424
174
9876
3016
8814
4195
3808
11317
4354
10611
8333
8815
11983
816
9744
11046
2944
6038
1926
6940
7822
5030
11993
4489
204
8225
67
11744
3771
5641
9973
7455
2874
11616
7302
1825
2927
4481
8232
1174
6476
11475
8399
5953
11052
8960
10561
5478
7690
3050
314
8356
7647
3332
493
2082
6028
268
292
5206
8360
9616
1509
11245
5541
8405
9576
2416
8473
4306
891
1355
3101
3232
1698
8422
9530
8237
9622
11958
10456
3692
11893
10651
8146
7273
9998
2979
7885
7910
11470
8767
11698
5250
5065
8316
2000
6322
5545
1374
4496
471
5638
5441
4138
7652
242
7429
8295
7820
8262
6568
8496
11927
5458
4214
3947
8135
52
3130
2388
1430
4093
6223
6775
978
5816
4492
11297
3351
3617
1384
2106
4386
11929
2572
11320
6366
10400
10744
9317
11933
9354
5701
3377
11546
6120
3183
4046
7839
7713
10242
11324
2233
869
7111
5268
5164
10014
3421
3540
6498
6220
10499
8616
4674
5767
2485
4880
6625
6793
11966
7882
3197
3831
2771
11804
3229
11570
9510
2154
14
4213
3515
7035
8677
605
3703
10899
9745
1772
1538
9338
2429
8050
4052
8151
634
9552
4168
1308
1098
11179
1972
3273
289
10530
11220
6702
12201
2025
5127
6606
3946
12098
1590
11374
6290
3003
8039
7581
9662
5284
4115
7468
10501
212
10606
1049
5028
8086
11926
3154
6510
10618
6175
8056
7311
8331
3665
1946
8575
5428
2176
7957
8290
1714
4840
2833
3755
3236
5289
8663
10167
164
11985
12197
3852
6527
2263
3424
6005
7646
5708
8415
6264
10873
9370
1431
2115
9285
2261
3124
11714
11460
7045
4932
2489
10542
5871
4000
2540
1188
1679
6771
5244
7738
3587
1125
2821
7242
1238
5188
5411
1455
7739
2097
5879
3707
1230
7407
5339
6488
9653
6305
9196
5507
7836
9280
11585
12148
4918
11984
870
6530
7288
10495
10279
10623
8679
5531
7460
11234
8744
3818
1
4322
309
5331
12096
3250
262
2537
11075
7129
4387
1913
751
3920
9398
5621
363
10077
9535
955
10790
1583
8625
1541
4164
12006
12243
5994
7615
213
6581
2451
11479
8528
11737
713
9714
586
11556
9224
608
3182
957
6782
12069
8859
153
2610
11353
494
6328
9452
4057
7469
1803
8017
3735
1366
7319
2729
3653
594
4890
6145
3979
8188
2858
12126
4514
1327
9919
3856
9440
2480
7217
7680
6688
7683
7831
1205
5373
110
4471
1742
10995
11412
10146
9736
5766
4815
7132
6764
6811
2046
1651
7197
358
5083
2574
2640
4598
7214
10644
11683
6076
6298
10512
4939
9989
2885
9558
5938
4605
906
10997
11232
10441
6802
6118
6683
11435
4235
9095
8555
5666
3033
11628
5129
1416
5840
7752
7534
12251
6169
3786
5488
4134
5830
4388
8552
4111
6749
12247
4643
686
10657
2665
723
3956
9223
10765
10962
7697
4338
12027
8882
6109
7360
9795
12158
6142
614
592
8594
3417
11564
10334
69
7897
6417
6119
6229
9378
2323
8574
7530
3070
1999
3698
5181
3281
9641
8383
6604
10927
10108
10189
10538
11916
1151
8433
275
12154
6025
7121
6506
10128
12189
9152
6177
2423
9318
10912
4475
3479
2401
5778
9966
8286
4392
10828
3408
1760
178
990
4321
5454
7043
11384
4050
3181
215
8743
4927
2592
8904
2913
8349
9911
5108
460
11239
8322
373
5987
5279
337
6946
9044
11099
7961
6367
3126
7476
3867
1420
9542
11191
3708
12053
382
7089
9828
7703
2224
8016
8470
10843
6222
8497
4246
7674
6286
9731
1540
2893
598
5106
9900
27
4581
9171
9377
4403
1707
6310
2566
9118
1646
6942
4377
5470
10328
11007
512
285
7935
1119
4108
11098
5876
10091
3955
1970
9042
4802
4684
6281
1475
6823
1935
8481
8246
3395
940
10548
8446
3993
2625
7031
9679
5027
6732
8970
11711
8037
4345
6390
12187
7835
1081
9640
201
10508
879
8992
6257
10296
4608
11378
12191
5683
328
8170
3835
9613
2587
4038
9897
7982
1406
2398
9028
2807
3219
5145
9799
624
4769
7188
4468
11697
230
5245
9936
3249
7165
4744
1221
2162
5240
11335
10748
496
370
747
7362
2366
6640
11190
443
11280
8194
9882
5720
8449
8638
3119
4071
1611
1613
6708
9062
4659
8459
25
4238
6402
9879
11950
10524
11741
4685
9722
9496
6639
4677
8414
2790
7334
6213
10339
12030
4396
9474
1016
7791
492
12052
9325
3170
10057
97
11780
11268
477
5123
9969
6970
6047
11569
5686
1488
7621
6085
5352
9046
6110
12283
4174
1138
4968
8302
639
4987
8035
3241
6437
836
7014
6235
4625
7860
4695
238
3990
10403
5558
6162
7418
6754
8344
1643
2594
6445
8622
3866
6077
5814
6482
6794
1095
6377
4510
11419
4556
6048
6958
659
1673
7887
1818
9720
4865
3558
6493
9420
5771
9486
9685
8993
8244
7291
6658
7766
558
1222
7936
10629
2891
11901
6570
9673
113
32
10246
11539
1381
4031
8940
8782
8876
3600
11922
9814
3657
9511
6537
51
6438
6711
5357
535
1778
1470
6313
9646
1140
765
5613
3413
1663
2664
699
3162
10259
4582
10578
5280
6756
2070
4025
828
8562
12260
2150
10182
6349
5253
4793
2606
1250
9604
8704
5490
5017
7234
11382
3444
7875
6524
5523
96
3753
10321
446
4153
4786
7229
3078
4826
11947
9579
435
8158
4157
3067
10682
3863
11819
10116
2588
3247
7272
10684
10846
2570
1508
1302
8635
7157
9455
11875
5393
7048
10351
7782
10856
11042
7354
1163
1201
1539
4272
10674
5705
11586
3297
11977
4343
6697
8310
5783
2063
12160
7070
5433
2158
3844
2167
12018
6651
1213
1103
5801
10443
4462
8738
9276
6616
5724
9458
9254
7191
9403
7134
102
11015
2112
9684
8108
483
11331
7895
4415
5715
11329
7426
4361
3827
5160
2897
3970
7475
8766
2615
5520
1609
924
2059
7253
6547
5390
8646
2040
5437
10817
6192
3616
1887
4004
11
6201
8215
7663
2512
11918
2817
3683
5361
7869
5322
11069
11038
1525
244
4754
2130
4592
4021
662
2293
2399
11897
1082
10940
9225
3803
4125
4687
4933
8847
8441
3084
6911
10864
2904
6721
7073
4099
2377
823
11426
11428
6458
7265
7992
8643
5317
7189
2023
2402
604
8300
3728
7351
3412
3373
1006
243
1019
11295
10826
5247
5162
7879
4079
4752
1401
11949
5362
2235
11106
792
8617
1518
2604
9376
1830
4051
1877
9115
434
7384
11503
5389
7372
10069
6426
10119
7167
7107
6159
2852
10464
2343
2504
7740
4149
8367
11287
1001
5620
12106
11314
293
3277
6471
2012
7606
9873
10688
8152
1387
2750
5762
4843
7956
6950
4221
8019
1891
5427
4131
6926
2503
1535
1696
9925
2321
6183
12162
1485
8083
8764
4012
7287
5462
4013
1453
7172
6918
4796
6248
11824
577
1003
9075
4641
10219
6777
8548
5426
8336
6645
4449
6021
4359
6947
3655
6916
4961
11608
2066
1931
8969
4121
833
2838
5349
12293
2985
8180
10711
10307
9634
1004
4817
536
5155
3796
2648
12057
3785
6502
6056
6937
2042
1640
8196
8464
2199
11309
8720
4129
1790
3114
7430
1617
8559
7072
7041
1768
6173
142
171
1574
2762
4967
3380
3462
1345
3958
11210
1268
2335
9364
6746
9227
1320
3117
2576
12292
2687
10314
8983
3007
11788
2031
6049
10868
4424
10325
6484
5625
8260
8894
10309
5464
6193
5217
899
7580
3211
5985
9564
11968
5293
11972
11740
8573
4503
11535
757
11849
9448
4943
10110
10777
8043
7669
11598
10726
11315
8601
10053
8439
10702
10258
8164
5363
3298
3430
8642
369
9444
6785
11828
4626
2203
10718
654
9759
1835
909
9555
4289
11189
5149
10844
1216
11724
4250
1473
8955
139
4974
2642
7678
1879
6228
12169
2690
5843
1199
771
10582
1289
1600
2805
7998
4008
4738
9544
12272
9508
1106
11936
741
5891
11517
4227
1856
9347
1102
8332
10002
2284
1993
10874
2159
2424
5661
9353
4750
10303
8203
4288
1769
5156
12141
4294
9584
2107
5242
6668
10202
8307
7779
11343
4240
11811
7945
1307
3420
3014
6525
11784
1862
2864
6380
1952
8861
1675
10565
3463
6207
930
6750
2015
9037
4820
20
9726
10573
9686
7896
192
145
653
2241
12050
12226
1669
6442
9812
7765
3754
11472
980
1849
3533
1463
5974
3453
6680
2603
11147
4276
9615
2374
6676
5552
4371
10528
2983
7931
5346
8117
8517
1850
1447
4568
12047
742
1715
5365
5230
10012
861
7985
3873
5678
6981
5364
1219
3760
8532
6826
4561
6762
2378
1108
3719
7761
10756
6819
5186
2693
7083
8221
4087
6889
10560
7884
5561
9877
7206
4937
9065
2859
4655
6633
10206
364
11607
4656
11306
8780
3932
546
5112
7494
3774
6923
3223
6827
8377
4519
3012
6804
5869
5835
8245
5497
2212
8211
11610
6356
4790
3291
4218
10114
8065
2247
2616
2470
572
11651
3472
1419
89
8102
10275
4460
10877
593
12190
12163
6131
6868
10949
6003
3582
1625
2959
565
11339
7611
11833
1293
3187
2256
10662
9311
3661
9329
9883
6457
5576
10764
721
6409
6144
6816
5981
5300
9857
7003
9342
3769
1929
123
7795
948
9279
2340
9324
2259
352
8456
4579
4664
5957
10315
4192
346
2914
560
8224
3225
8565
8105
3103
2547
8734
848
5586
2054
11685
2197
11751
6543
10658
2911
7589
10983
783
8291
1793
2237
4818
5159
4441
2535
8313
9151
11505
11145
1008
629
3597
107
1343
8824
6508
9658
9752
526
11490
8906
2395
2978
10449
2688
6921
5550
7844
8261
10338
10815
7406
2145
1612
6211
11162
5637
707
9029
11442
1616
7055
12033
11593
11829
2222
6480
11812
1218
4628
2514
7730
11208
8005
545
6553
987
4118
11096
642
6724
6855
11389
8761
8880
183
3749
4772
11632
4606
5258
12227
8554
3218
3949
8487
1070
3366
12153
5445
11488
4694
8694
8928
5388
11845
3400
1319
502
6246
710
6218
5026
2593
9088
1789
8589
3691
7736
11496
4699
12278
12229
11181
626
5089
5795
7737
4833
10362
7249
12022
3687
10367
4851
12171
9820
10365
3536
2283
517
11013
1454
4899
3780
2254
6677
2527
7490
2577
8825
8875
11089
756
4601
11391
8112
9775
11299
10216
898
10468
5915
9425
2225
6968
2815
10267
2358
10516
4334
890
1239
8887
425
8353
5952
3647
47
4879
1713
3804
2359
9488
6464
4086
9032
4813
184
6809
2830
10800
3346
1536
7461
8721
12239
10840
1233
11779
7208
6895
3943
9763
12276
11293
4831
3397
2785
10952
1902
1798
2623
11250
959
4535
5267
2638
3907
3341
11361
1630
11766
2686
1603
5815
8866
11908
6766
9531
3369
4206
10754
436
1992
5432
3776
6335
8183
6030
859
12110
1829
6134
3043
10261
2510
3901
10741
10136
10273
5857
4114
9842
11227
6148
12248
6432
7628
9061
7339
6276
7852
11559
12124
7660
6751
11650
2676
1279
7953
1661
10187
114
4596
11597
7500
4026
2305
996
2508
8834
7943
45
10506
6579
8927
9330
10429
5291
4231
7532
2053
8985
4380
11521
10274
7090
8231
480
7978
1021
8626
3650
11342
1573
12104
6348
7552
11018
8374
9826
1232
7463
6427
7175
4633
9628
8467
9971
4620
796
4054
11528
10415
7986
7504
1061
143
8248
132
6204
6306
3987
11122
12113
6601
7720
9849
11152
10163
1265
9756
4702
11637
3706
827
260
6434
10698
727
912
6934
3502
725
5295
5085
7578
9525
5841
8361
297
9487
1252
6064
4849
7818
10615
8080
8143
1385
1773
1296
3652
11584
11104
124
10763
8030
6835
4197
3842
12094
6608
3792
8457
1566
8958
7748
6018
4716
6891
1998
8671
381
6212
7915
9177
6535
11006
7059
2712
3002
9557
3335
2923
6294
4494
6301
2141
7033
11157
9339
4662
1933
1088
10183
357
7079
9567
2045
8895
9502
932
11448
2218
1329
4648
6821
6593
1960
6936
3761
11869
3967
9903
11289
9416
3656
3522
548
7190
9738
10978
9899
7587
1133
11128
3766
1110
3334
6036
1659
3525
279
11067
12131
10670
4718
10888
6444
10361
1312
4458
6629
5642
10
7691
7989
8263
2120
2079
4681
5152
11237
288
6176
4504
7286
4915
8883
4895
2657
3477
7922
6065
7240
2846
9623
10990
3158
2934
11846
3663
6532
7131
4464
3859
4571
2289
50
8641
10439
208
8525
6904
5663
6393
7378
6867
5153
4884
3024
7325
10458
3071
7133
1107
1170
4145
788
3467
8162
724
12228
5384
4318
6326
4274
9016
6311
5423
4825
8273
6903
10203
1186
3268
7403
8684
8561
6828
8848
1861
5468
4081
921
2119
6382
9961
7052
10520
2958
454
11536
3644
1507
8571
2257
3877
3801
7213
10432
7644
5303
529
270
3319
312
11257
5467
2319
11750
10894
7973
9922
7142
7006
5066
8339
8292
5919
1786
6210
12230
11372
8953
1695
10654
11967
4284
6485
11174
3315
12031
7271
6026
5511
10553
933
633
1744
5449
4823
10589
295
12221
1645
6198
3358
3215
3152
2884
11895
3244
8216
7109
7193
10126
7386
1443
874
5249
11684
11218
563
4896
7316
2551
3777
10236
126
2654
10485
333
5311
11641
3293
7811
117
9396
9967
2065
10579
2309
3248
11579
2379
4723
6990
11290
393
3388
3374
10437
8796
5669
8120
4210
1515
4056
8776
9588
4604
2674
5807
616
2995
3975
10613
1348
6138
11636
6331
72
3198
2298
167
9994
10838
10914
6980
8945
8028
728
2786
9090
4017
3974
7900
7394
4312
362
10081
6088
6033
11464
8865
998
11727
356
11822
9072
7482
6090
8116
5886
2002
1237
3092
1041
6985
2585
613
3643
6467
11429
1533
8539
9156
3858
4984
10779
6944
9512
7902
2318
4728
10568
9538
4776
609
11548
7801
311
7330
4996
9654
6084
6031
7238
11626
2004
6325
7798
10463
2882
6803
11424
4389
7457
4148
3588
3548
11003
8521
5870
1440
7757
8540
147
9867
4827
11094
7955
6455
8114
3489
1037
12014
1882
4215
903
675
5748
7464
4847
10859
9681
8808
7081
5948
11305
9670
4534
8987
1628
7568
8722
4809
3849
7862
11484
12216
10751
10209
9651
7522
3964
6240
6180
8041
518
1537
8488
8810
3682
2361
2994
6317
11449
11526
12149
9629
5466
7929
3076
3189
332
374
862
2336
1057
7263
9388
1523
7456
8549
4569
3503
4689
6054
2001
4679
1572
12011
7771
4522
7445
4653
10692
4497
5166
3977
4701
6158
12089
2879
950
11543
7284
3353
9086
9384
9418
9583
2370
9707
2360
508
2461
1534
8843
5094
2563
3457
11207
3985
1551
8922
5041
10414
7920
7803
4759
9656
3686
9157
2193
4705
8364
11587
5577
3694
8217
12066
8656
8168
8934
11462
11323
4962
4586
9356
4583
2849
8538
11400
7146
3086
6660
10902
731
10016
11291
5492
10431
11663
9712
2301
5599
12168
3261
6829
8941
4511
10411
176
8829
2645
7977
2853
1415
4751
237
10043
5353
2584
105
6959
8872
9874
2719
566
9958
9719
9739
863
4923
6414
10295
11541
7874
515
10491
3318
876
1437
5345
3642
2880
11909
1390
10312
2751
10704
3882
1754
2788
5090
8247
10984
8560
6634
4573
8857
7867
498
10903
7332
10660
5824
8210
12265
7637
5510
4722
9193
5203
1845
6046
1530
7503
5775
7442
148
11760
2602
12071
4495
1699
6572
7254
4587
1950
7102
2405
10669
6388
8321
689
1123
6648
7814
5873
5902
8227
8118
934
3217
2579
3580
2644
1325
8416
4060
10063
2187
12195
3504
1676
10125
4047
11408
11158
7215
9840
2016
4258
8994
2072
9796
3986
2090
12109
9346
11572
5565
11781
2694
6687
9116
2921
9861
3621
380
4719
7783
8432
4146
3142
10803
2997
9319
4953
2316
3026
5138
3609
6848
1370
4104
5213
1943
8434
2003
9625
5965
10991
1731
467
10481
6528
1144
9767
3788
8282
6024
11261
1408
10480
4869
754
973
5177
5660
12026
1608
8296
8412
5846
2919
119
5082
1206
10257
8845
6239
12086
11016
9803
2057
6041
10921
10127
3108
6831
7525
7020
997
11796
10132
154
10827
923
711
7329
2278
8672
9263
8368
11620
4584
9215
10505
5543
941
11183
12288
3971
6838
4875
7838
3069
5971
2937
11658
10762
10574
3554
10152
5404
10981
9360
3122
5105
7551
11118
1867
4730
4356
5913
66
6407
9351
9069
6854
8869
7313
10201
9839
8040
8590
6925
6898
6562
7863
8285
3321
4745
6757
5372
8771
1712
4117
6091
7326
9573
6628
7976
5739
10121
775
2435
1732
7368
6957
8184
9927
11720
2965
3000
12139
10557
3514
4921
6779
6475
3541
2851
11467
486
11188
2811
10823
1191
5263
7183
11964
5624
5656
10570
9477
3848
5272
11772
10337
8619
11310
12067
5665
3287
10353
10428
383
8669
5306
10507
2746
6226
6297
12238
7225
6302
11397
385
7011
11062
2647
951
7595
6673
4876
6105
3357
4091
11366
10363
3797
8113
3296
6260
10774
773
11669
9521
2598
11011
9923
11002
1258
7280
8379
6885
11249
5890
7435
11599
6020
11776
9025
11151
9716
11717
3427
1424
8354
4080
8275
3697
6037
10851
417
6489
8061
6143
4097
6359
7994
1777
11301
10098
3898
5831
1131
7988
7575
3499
5459
9893
273
8604
3994
6185
1142
7002
1176
10761
6395
5854
8475
7891
11671
11217
1635
4593
6817
10647
7515
6329
7654
8396
3751
5401
9391
253
9753
4834
11198
2204
6429
7087
1341
7320
9281
3807
141
11072
3904
6888
379
9960
5039
7018
11177
7422
1595
10308
868
2698
6871
7788
7173
7285
1310
2413
8822
5057
2185
10078
9689
6389
5580
6293
12012
1099
2440
11731
5496
11595
4517
8109
11492
11693
2641
10342
12282
4293
1197
5020
11979
6245
12134
10907
6519
8723
6343
8122
9021
3371
8977
6478
6459
2649
2198
2210
4555
11030
10908
7993
7949
3854
4775
5553
3283
1054
618
1301
3676
8519
463
2083
8727
3093
4619
9208
5139
2142
1833
6945
4207
6860
9809
1982
5647
3635
8708
589
11495
7687
1779
5002
5696
2246
1869
2825
8258
8648
1618
4666
7889
553
8534
221
9124
2618
136
11375
10145
11231
2055
7846
9094
3201
5716
5165
11675
11837
6108
5597
6935
8044
6727
11696
4563
5914
1062
6474
5672
9747
7582
7257
10479
5603
4375
340
1705
2341
4924
1733
7593
692
7518
4161
4822
1234
4792
1466
10583
10638
5534
8668
355
1500
2955
10723
9290
12178
7297
5799
4778
7763
4499
4550
6408
7975
6072
9064
11885
3338
2892
4907
427
700
7857
3164
11844
9560
8144
10892
10300
4287
3834
8901
1043
7997
7317
11902
7649
8058
1909
1753
9049
7790
3530
11752
4857
9126
6685
4671
11321
3563
12077
9534
2121
2562
7599
9436
10193
4507
3813
8972
3791
1225
8774
3054
1214
11978
8391
7940
6796
10237
4612
4239
942
4774
6893
422
7909
11976
11588
11248
4077
6834
6671
1948
4425
6111
11032
1626
7842
9571
3826
8091
6161
11934
11827
7684
1034
5943
6615
2708
5407
10603
4191
4560
9770
3483
11095
2803
2205
7364
10380
10033
10281
5161
1567
7483
8036
4860
5704
9805
5747
1506
9134
10231
10725
2671
6428
4282
10324
5906
2410
8510
7538
4295
6080
322
5804
10228
4310
8121
10602
2252
683
5383
5231
2999
1959
8585
7416
1286
4993
2206
7479
11605
2888
8385
7038
54
2808
5909
1339
4686
6843
8502
2502
1775
5860
6723
4181
8190
8078
10129
9244
11808
13
7848
10354
4639
8407
7937
1399
1236
5653
7514
4576
7926
10374
2767
3
1915
2240
495
7501
6824
9760
11838
7441
7053
9802
1369
3259
11580
11120
9532
10003
7750
3473
1116
2048
1255
12223
3833
7010
5314
469
1317
532
6299
7892
1936
8266
3151
2890
7466
7353
3426
3673
3474
4337
10079
8388
6578
10218
2291
7604
3815
10656
4819
5005
12136
7810
11733
5806
3577
10022
3303
3805
10024
2716
9260
5202
10021
2539
7871
4265
2801
815
11919
4955
12217
567
7698
7243
12269
10299
7959
3810
5420
7661
6748
5628
1428
5881
1890
8128
7408
2494
3914
10722
10238
378
5036
11225
1544
8600
5759
5029
9076
2217
6798
4379
9778
6705
4037
6994
1492
7078
11010
781
3333
2143
7742
1160
3372
3110
3433
3058
11273
9052
10858
6449
10969
4384
3820
4618
9258
3945
5288
9888
11639
4835
5100
6598
5063
10313
12193
5990
5910
4019
1738
8297
6273
2104
1596
7546
7853
6554
9940
7834
6487
11723
2056
8006
6630
438
3982
122
4850
3411
2290
11020
11955
7826
10925
3942
2367
1386
9282
12115
4707
5170
1802
2469
880
4459
2511
10487
4597
11941
4610
7579
8674
4234
9291
10551
331
6938
3823
2556
10913
6304
9729
11673
10181
9014
6550
6731
7967
6752
12038
4990
4855
3765
2022
7376
6760
11463
6559
1704
6770
3726
3308
2964
7388
2992
3871
5207
7281
9187
1169
8618
4390
11686
10916
6397
10825
10455
10687
11765
8811
4595
10440
8699
3230
6127
9162
1719
6063
11359
5849
4877
7001
4627
7306
7676
3829
3884
1758
7843
1395
3825
5852
11973
11818
8240
10857
3881
3768
10694
11332
2400
7312
303
785
9053
7641
9142
11017
3606
10322
5760
8920
6125
8378
7096
9389
5271
2391
11084
7592
1224
786
5793
8781
267
10007
11371
5023
5774
6927
4740
11451
10547
3471
9148
11678
365
1127
11840
9443
10418
421
1396
7122
9430
2297
8139
7570
4297
412
8492
2147
5865
7559
2242
5817
3196
7841
3046
619
4736
5604
9256
3736
9965
720
9096
11738
9880
10575
1104
9992
6370
4856
6699
3305
11224
540
235
7103
11009
6027
1065
7101
11623
4758
2787
6725
2837
3845
4976
12091
9782
4314
5809
450
9093
4393
10474
2170
7162
6007
11292
9129
3897
7855
2620
5214
138
3304
5592
11109
1156
5996
9450
550
7666
2636
9236
11529
3634
6219
7333
5447
6883
10869
3295
945
9563
3221
5828
6551
2667
694
6303
10832
10292
9725
2313
3583
4940
8413
1804
2976
11200
4423
1710
10734
7677
8471
5102
9807
2901
1354
2835
7951
4469
6733
5978
3313
9823
8304
9015
9904
4516
11532
5167
3767
7088
6872
4144
5503
2161
8726
11102
3562
9439
714
2200
743
1092
3323
2208
10123
10739
3640
8916
8952
6045
2173
3109
5385
11668
6956
10738
8682
10842
10390
11999
2300
3551
9648
11904
6295
5341
9421
6571
11348
12
11581
11355
5144
795
943
9478
3850
7588
3717
2571
5487
10943
3960
1901
6019
1471
2748
3423
9243
5706
7227
6075
9981
2404
3148
2349
10617
9819
6810
1046
1657
2700
7928
5009
4734
3745
214
399
11592
2940
1962
2704
7474
1965
5851
9856
2466
7439
8547
11835
1477
250
9540
1837
6694
6171
2355
1853
3492
10177
8543
3425
7899
8154
9703
8931
5227
10946
5557
1864
1908
9806
4665
866
11527
5946
7195
485
10423
5221
2875
4249
5297
6137
10598
5119
11839
2776
6062
1499
5101
3039
3242
9895
4398
2474
4532
5475
150
11192
8133
6494
10759
7481
12232
11618
9195
7397
11136
343
6515
9813
3738
1190
708
6715
4985
1351
9070
1189
4770
2229
2028
8393
7526
9241
4233
9120
5183
7991
11135
8903
4028
2132
5589
2597
2969
582
6333
3566
12112
7747
10649
4635
12280
4624
2436
416
7067
4316
1209
2869
8698
2753
1202
9222
7314
11524
181
137
7651
410
8156
8277
5414
8711
6365
9565
5434
1187
3272
6205
11024
1620
2074
10619
1461
9438
7773
11959
10967
7708
8737
7387
3841
6431
3537
12035
5864
8301
2596
10569
3008
8123
12204
7979
9935
1010
6995
4128
3864
6448
5018
1248
3772
936
7819
8697
2434
4130
9143
8729
8685
12083
1547
10134
5777
1930
9854
6179
665
8324
6845
4412
7508
3632
1356
2662
7420
317
7916
6017
3331
10055
6792
11337
4538
10785
7809
7632
6156
8371
9543
1497
5622
6385
2626
6216
7357
439
1009
4762
500
407
3531
7068
12074
3637
12196
9603
8612
2484
21
8205
6652
5354
11253
6016
8890
3145
5347
4562
2691
5516
7640
6880
6089
11263
10154
9033
489
2689
8509
1053
8563
5839
1483
9711
5050
9991
9765
11483
6659
7044
1914
7105
11277
6649
9170
3552
820
11064
1383
9007
4369
4092
7366
4797
3348
9009
4930
10149
5080
11512
1878
11670
5633
9715
57
1027
6319
6186
2274
7536
12220
7331
3010
3041
2652
3485
11858
5176
7017
8355
481
55
6830
11243
5047
3174
8821
104
9463
5344
10062
11692
11957
6002
9180
10926
11230
5882
9841
7236
5444
4372
10006
4989
5595
1231
1328
10302
9382
12065
4444
4358
12029
10093
5211
3083
449
977
11373
277
5359
11674
10784
10717
11112
4768
763
10459
5537
2226
3674
10824
6704
2138
10706
6315
9275
11596
7667
9955
3394
5292
3494
3289
111
4533
10897
4357
666
3618
3764
8971
4886
2841
3662
4043
7952
11247
9620
660
3252
5378
10713
5315
8106
6718
6254
2086
3931
3896
2797
10161
7007
9815
12046
5460
7098
7224
7893
10836
5069
491
11627
4413
11617
2781
10957
8326
4426
1750
6008
9295
10058
56
1644
8148
4010
918
5402
1941
7825
9349
2329
5519
709
2232
7192
7046
5786
9786
9553
10138
10549
11143
10866
1734
2836
9380
11921
1776
8466
6051
1378
11785
10876
5351
5721
1666
7566
10454
1848
1089
4798
11518
737
7266
18
3894
6776
8798
9855
9008
8791
475
319
606
6191
2006
3257
11555
5757
7144
8871
2433
9312
11023
2044
7275
10173
8029
8886
11383
1942
2920
2666
7199
10164
9057
6277
4959
2351
7143
770
8786
1684
7024
3156
10948
8141
8583
10234
8490
11304
7488
10595
5900
7542
9498
8675
1883
2460
9643
7149
1417
3646
1606
3362
11736
15
8230
1379
4777
2881
5627
6784
12151
1527
6875
9128
8381
1267
3649
2477
2169
8089
7203
7084
271
315
6398
7123
2619
11859
4437
7919
9315
9301
10434
6897
1493
3630
1047
4765
6149
10822
11272
3861
5236
3231
8372
9777
2986
10961
10435
5482
9595
2768
1718
11115
658
7005
9743
1157
12277
1132
8949
1498
3175
5298
11274
5821
10584
11001
10304
902
11386
3659
3495
8896
1015
2774
5888
10211
11040
5743
431
1723
10035
8012
3507
1045
7343
673
5991
9827
1247
11282
3416
3593
2373
5954
1648
7746
830
11129
424
4566
3280
7813
3961
1939
798
6307
8047
2094
7448
7374
4992
9174
5326
8305
2390
4542
3031
3179
11242
6769
7657
749
6141
8789
11989
8751
9834
10041
11137
11476
3100
5025
5198
804
10807
8536
3255
10645
4467
2061
8427
10492
7264
5528
5225
9728
9704
6520
6505
12070
753
6546
11554
10224
499
11659
1194
1139
7171
8929
5381
8515
6099
11789
7958
569
11530
5789
5473
11542
2702
9158
9146
7393
8450
5845
2613
11351
6168
706
1516
3579
3669
7250
3626
10034
4044
1030
7163
1429
5593
5273
11108
9710
10510
2294
8213
2614
929
2967
2842
9308
6372
8281
1571
10834
864
1085
2216
7537
895
4072
5567
5588
4433
11379
11561
10198
10985
5602
5640
2191
5772
3488
10855
2646
873
10447
11742
537
1311
7405
1808
1912
2409
6667
7616
1434
5764
11267
9962
11652
3064
4991
9611
2856
1032
911
11707
6244
5979
8049
1792
8124
3379
1689
1885
520
7873
9930
2717
10693
4580
5450
3696
8968
10311
8209
10563
5319
3120
10974
1433
11938
10343
5195
8461
2357
9687
12017
11881
986
2007
11184
2659
10397
4400
10165
9717
3909
6070
5342
3672
2168
761
261
10190
1011
6181
11774
1269
9801
910
8465
11604
4480
11502
11606
8986
7749
8136
11574
2784
8706
4332
11149
7560
2961
2935
5174
7231
4163
11037
11260
10028
9784
11654
9945
516
2039
8421
3497
8891
12270
8485
11571
3929
3057
1335
10143
4518
10697
4977
8570
3997
7110
10059
3704
3893
49
8437
3568
4945
367
10731
11446
3543
1739
8835
7438
10186
1889
9617
3243
8276
4709
8134
5878
1791
5887
4466
1391
2889
4368
11311
4779
9808
5928
8651
2728
3913
1665
975
1893
4073
1479
10386
6132
5436
452
5405
8362
8659
4661
3770
8027
819
7728
7679
4524
10317
8856
7039
8634
5614
4903
1711
578
1951
12111
9108
8283
9484
10853
8265
10944
732
4271
2538
3546
5698
5709
10863
7759
1195
9917
4154
2131
395
8542
11944
1592
1809
5949
2117
6035
10633
1359
2421
12135
9401
3589
179
547
6586
7232
2847
6386
11809
4451
8838
5658
8445
3254
7248
2472
9445
9948
2075
11229
344
5798
4116
9414
6533
3713
5673
9293
2417
3954
2243
5329
4036
9466
3935
9104
11080
11458
9529
6187
4263
8980
10122
3042
3976
2156
1251
8095
284
7513
305
10667
2554
195
3930
6540
9417
10782
3267
6268
4448
2184
5643
5572
3875
2779
4260
1957
323
8115
6996
6443
4870
9612
3968
2720
9322
8558
4958
7999
4881
11432
10291
8597
8390
10039
3481
733
11364
1563
2118
7917
985
7477
10117
7345
9825
8514
6441
12088
12235
916
7417
3989
7091
10554
11516
8628
5147
4838
11436
88
6136
10521
6271
12140
1966
2342
12146
3233
3544
4725
10678
2918
12041
12120
7340
10054
11240
3360
8777
2974
10631
11773
2886
6736
4176
10951
9499
1316
7095
11105
11244
8854
9659
12013
10051
2412
6375
4771
6087
3387
4638
9355
11480
6822
4743
3526
10197
7139
4302
5884
1916
3440
5014
10793
1480
3506
4030
2629
8527
10220
4549
7502
11019
42
4753
2332
6039
10933
7030
11761
12180
3251
2775
4095
6415
6999
636
3521
11175
1978
4365
12255
11612
11888
2727
4667
8650
8535
11874
7352
3193
12257
4690
9706
1149
10973
6263
6837
6681
2050
3263
623
8769
900
12045
4416
1478
10809
3926
1532
1720
12167
807
9272
5190
5485
1283
2827
11963
8756
8341
3872
5784
1280
8654
8627
1757
6000
3888
5403
2182
152
3149
9426
5973
7659
12165
1336
8584
6561
3677
2448
1771
9953
9978
6274
11477
1292
10769
8950
9804
3957
4119
4691
2396
3356
1501
2315
3624
1281
3870
2877
10099
8912
4062
5456
199
12093
5751
9492
2188
11956
1244
10845
7535
7289
251
5590
504
3578
6767
6939
11634
8202
1063
4724
4391
6230
6612
12267
6188
2005
6805
7541
8309
2292
6418
8631
5536
4251
11269
2987
4472
5790
10453
11401
11982
8032
10410
2559
7745
9843
939
1407
10648
5336
10239
10075
9149
4217
8410
9131
11022
3603
4373
5168
7060
1817
2930
474
12215
9609
1432
7806
5281
7758
8930
5863
4564
4791
10736
5794
406
6215
11890
11146
3127
4552
7639
6353
11110
8841
7113
5677
6272
4179
3284
9596
3512
6613
7635
2458
3326
10775
11410
2668
10515
1917
11739
361
4636
151
5524
5493
5862
10047
258
5687
8893
1404
10482
2947
8443
8909
8946
10493
12206
10928
7631
8479
10929
7181
2157
5369
5368
8918
10217
10256
7600
3260
2545
3846
513
5611
10272
1349
2868
8991
4520
9749
4300
12009
81
9385
2524
2491
2099
1028
2382
6452
7944
3959
1418
9262
3732
11425
8382
8862
8278
7816
6745
11734
825
3443
5443
10364
1490
7346
10253
2957
5522
7769
11033
5208
5584
11997
1578
5276
12005
10607
10384
1402
9614
10318
650
1831
2422
1872
5617
11465
11312
1671
10071
8462
1452
9350
3393
6617
5808
9239
6012
7828
4438
11631
7506
12198
9618
11008
9734
2207
2268
1859
542
11879
3208
11433
3419
3484
2047
5103
522
5067
9292
2163
1607
5575
4452
1855
8805
7246
1375
1545
10938
10599
3878
3638
6772
4647
3370
3438
11178
9190
2134
10998
5970
2552
10635
8696
7400
11057
5596
12119
10531
8489
28
6225
2288
10959
2432
371
6755
1403
2389
3132
4703
3933
8419
9705
5926
2286
1722
3727
8620
320
2380
12203
11690
3978
7921
4646
133
5059
11443
9188
6886
5608
7259
10293
1990
3349
10571
10008
1068
6495
6061
3029
2941
1932
7950
6800
5711
6422
762
3186
2372
6861
983
8160
5505
2848
10196
842
1672
6360
4068
5051
11801
10340
9302
6391
2092
9283
8965
5921
12273
3561
9147
4014
131
11630
8199
7634
5533
4766
2077
1756
5313
6862
10200
2194
10004
722
10383
9472
11666
12040
7753
1697
7262
1474
4394
549
8090
10699
12021
304
11264
7080
457
10451
11362
9082
1274
1782
9060
11797
8978
8867
2183
779
1868
414
11199
6097
5471
8359
5037
10336
4894
1050
5632
7274
5963
5062
8011
3339
3034
7527
5061
5035
1315
12246
963
12209
16
2202
5305
7571
4498
1117
9199
8226
6050
10964
9097
5201
8161
3245
528
603
1866
1807
3693
5261
11653
9886
10605
3496
3476
3590
3307
10013
9161
3275
8243
10011
10705
10356
7642
9011
7064
3129
8111
3486
1740
7220
9636
6545
10610
8833
3454
2387
10425
11640
8293
7528
9415
1091
2481
6221
8452
5146
8448
1847
1263
7478
10975
11912
10137
4101
11206
10460
1113
158
10743
10088
11486
6851
10000
7868
2160
5286
4782
10727
10486
7633
6917
4836
11832
7907
5564
3017
7207
5526
8138
4230
186
11917
11456
7682
3005
3918
7154
7743
3207
10729
9713
3840
8100
10886
9602
4713
2968
9424
11906
7412
6706
4565
9680
2517
8768
10153
5688
3131
5254
755
7824
3138
11511
1658
4127
1136
1708
4929
7499
7396
10879
5694
5752
1991
10083
11834
2108
8045
10029
11358
3035
5110
9178
2338
10757
8220
7410
5212
2310
5877
7727
7147
8059
1168
4741
9408
5699
632
9216
9691
10715
8406
10608
3837
3648
9407
9365
10600
4428
3102
10497
4352
8198
3237
1784
12179
10385
7327
979
3724
9537
989
12142
640
8264
8031
93
10922
9413
7692
7496
8177
11155
9409
4202
5415
6164
9273
12207
125
6975
7643
9574
9754
915
2580
2455
8703
6686
1903
387
3337
1706
972
3560
3919
11394
8081
9506
1235
7026
10810
274
7075
1871
11417
2375
3342
3491
4320
4720
2093
1562
4443
6818
6896
2151
11059
5645
11127
7794
9176
3359
4313
8420
10558
1745
157
2430
10945
3429
1770
11701
4513
5337
9702
2128
9668
3992
10880
4784
10519
8469
6435
6986
11241
9830
9951
5049
7906
7623
1557
2975
10494
3328
5312
8765
10681
7486
1284
8676
6611
2418
12132
11520
10685
3729
1674
4173
7609
7602
3146
7516
6043
1980
10735
908
3799
8187
9675
468
9228
12249
6011
5046
9600
11799
10473
832
893
1690
2701
1800
2737
10230
140
9598
4670
6622
8712
4917
8001
1042
6044
6029
2878
2895
5848
12138
7827
400
11043
5410
9575
11545
11629
5033
12175
11334
2462
4594
4559
12097
9601
3157
5792
11097
10115
10755
10532
8839
6423
1987
9255
4527
5235
8249
9456
6815
10330
5
4652
661
10932
6787
2353
505
299
5749
5171
5032
6701
2902
8003
2954
1182
1220
6237
1985
1546
4286
4136
11759
10391
10860
1700
1330
7812
11221
5525
11910
2392
10624
3354
12242
8923
9983
10269
1067
10612
12117
1821
12024
9509
1026
12114
2542
5131
6924
10466
10450
11197
4949
6797
11946
5299
11925
8499
7960
11710
782
10988
5391
2456
2970
6801
12290
9645
7850
814
4908
10169
8745
12240
11575
4406
7065
7650
245
7974
5055
3278
8828
7734
1143
8914
5856
10989
9363
8533
3532
9219
3439
2426
2368
2444
12075
7255
2757
1806
9207
7543
2663
2415
1262
3172
4103
2249
3819
5392
11068
907
10665
2174
1824
657
10801
497
2067
10627
451
5321
4913
1033
10664
4864
10241
10282
2414
3824
11271
6123
10394
4023
30
8506
2747
12185
4543
8911
4048
3350
10185
3752
6644
10753
10160
8690
9387
10229
7446
9362
3517
2989
2272
12241
1586
4512
3899
4132
11307
3401
1436
7221
12212
11255
8613
1702
3814
11454
5744
9979
101
5400
8149
9184
2798
3285
9672
1101
5128
11322
4175
3048
8423
9079
12042
8129
1558
1624
11681
9592
9306
9123
11180
302
7244
9000
2709
746
10249
7550
615
11566
11841
6115
740
8763
10780
6882
8330
4200
10250
10802
9352
1272
1542
5920
4385
4891
9203
8975
2096
7338
8783
6961
3184
7009
4902
8057
8832
3290
10260
4806
8132
403
8974
10683
2541
6082
8752
8269
10712
11025
10588
11721
3855
10758
8735
7336
2915
10592
4972
5412
3969
9696
2555
10060
9968
2601
7510
8874
5972
10994
11265
4785
11326
6949
7712
2496
4303
6894
5256
4642
12213
10871
9520
4216
6261
8842
8516
3756
1927
1409
10661
1167
75
2529
6278
3274
9289
8308
543
8520
1300
7694
5976
7093
11090
5568
3045
6321
6238
1210
11825
2523
9140
7155
7785
6373
4211
4409
6650
11547
8082
8938
3528
1899
3210
4429
1874
12172
2695
4983
2928
5956
11256
5004
10027
8079
11139
5982
3027
2679
2228
2749
1588
595
12020
9865
8614
1023
10742
6032
11328
12001
3811
8398
4938
4016
6526
10092
6661
10833
3806
1594
11611
2622
10208
712
4727
7685
10621
5394
433
8021
10689
3775
9872
6094
218
8340
6566
6283
7156
9772
3741
2507
7260
11228
4536
4015
6666
7933
9637
10326
12219
6433
8369
1260
10806
6165
8736
8088
4198
559
7688
8888
11054
10977
4063
8125
9431
9586
1040
4350
5989
7473
12085
10427
3523
8425
10270
11600
6753
9751
10124
2953
9298
2196
10227
9780
8878
5008
5555
11823
2464
2450
6607
2068
8094
2186
6859
10814
4307
1309
6599
4112
4982
2308
9197
8179
2311
5429
571
9400
1297
3088
2680
6394
1857
1048
10061
4177
1656
6351
3037
9700
10906
10170
4885
7576
4102
1748
8830
3685
10979
5583
4986
11603
8933
10848
1560
5040
938
4208
6678
12266
9947
1774
12294
3123
4470
11856
5377
5885
8173
3668
2706
8747
8320
1069
3746
10413
6922
1599
8482
8858
5016
11932
5418
73
9334
7385
9034
1464
189
10469
4830
11790
7380
9831
8174
5934
4971
375
511
2069
2763
5736
5099
6253
2345
10878
3344
506
9766
1226
9774
8557
3096
10030
6078
6654
6814
2870
1322
6698
2770
600
12291
10335
7807
3812
2857
6781
11563
4570
10306
4706
2521
7012
12102
1632
10205
2581
4419
11594
2051
8234
7371
7607
1096
1747
6703
11807
9859
4298
10752
1502
6941
7695
5358
669
9750
10518
10804
2135
11058
12043
9816
3828
9916
426
5559
1273
6605
5517
1840
10850
5587
7032
7808
8192
8201
11357
1227
3301
2971
3763
10591
10526
11368
4156
892
4336
5325
7037
1465
341
8165
8603
9233
7074
1686
7966
1445
7308
11864
10392
5395
398
4897
40
12275
4378
7787
811
281
5189
5125
11284
9107
5121
3264
10084
3798
6206
4011
11318
239
6342
4680
8477
6984
4196
200
11076
8236
6807
11285
5610
9022
6596
1090
2317
10701
6960
8615
11153
11027
4317
4033
5335
3886
3025
2122
5782
8794
9741
8131
2824
4259
6588
10255
9638
10377
9847
4887
9559
11392
695
5930
944
10581
11940
10266
5988
4035
2394
10968
3459
8072
2038
9
4616
3399
8512
7786
9740
482
3011
7729
2643
5562
8505
11754
4950
7802
7603
5769
2906
11195
667
4194
6998
466
8772
1456
10359
3292
3094
1323
7270
8380
5837
5184
8312
109
6130
5294
5158
8386
3317
6576
2299
6695
9924
4034
6034
6679
3063
1780
9247
2715
5091
10214
10461
6250
4308
882
8530
5172
12268
9946
4645
1996
9101
8284
2896
6083
4236
663
1759
9742
1489
844
10746
1801
1664
4094
9676
11103
8101
4979
1228
4858
4187
4123
7449
11756
7799
4273
10130
2350
12250
2558
7540
4083
266
1150
9797
2595
9746
1647
999
10489
11327
6178
6905
2171
6853
4763
3636
10102
8468
11996
3895
9321
11444
4224
5290
11434
3778
10887
38
7373
4040
3403
6128
121
2034
5899
1254
2262
4760
1968
10089
9217
10286
12233
9270
2658
10350
10438
12285
5907
4599
4935
2783
7901
2516
7755
9912
9481
3407
7664
581
9419
1873
5446
7912
12063
7898
9568
3441
5309
1249
8621
3722
1496
8212
4431
11288
8644
3501
7767
4367
12214
5918
8741
9358
8956
5844
4171
10032
5944
4632
7453
9381
5425
9372
10546
7778
6358
9589
5024
734
6001
7161
4275
7414
11880
8020
6424
1610
3161
4548
9441
4998
8342
4229
2831
3060
11854
9501
6712
5527
10955
8827
409
10490
3173
247
6419
10641
9299
1124
7318
4572
3143
10388
2982
3139
2723
6249
10289
3921
3468
7549
8915
6569
8592
9785
9838
202
5861
11204
11313
6584
9245
3944
5635
4683
8898
2085
2568
3613
5304
10477
1587
2506
7608
1865
3839
5182
802
7539
2772
7721
190
1196
11794
3396
1680
5644
8717
3721
12261
3623
193
6462
10107
2756
11860
5834
9480
5591
953
7768
11898
10442
2281
6541
4615
10393
5194
10498
2738
4483
2495
61
1870
5986
1614
8932
9982
1353
767
1851
2403
11551
2745
735
7069
11504
3981
4027
11866
7076
1487
809
3999
7613
4733
3747
11088
6288
9168
296
5474
9048
464
12211
7764
5733
2165
7792
339
9701
10597
9536
7013
10382
1253
9657
9335
4767
10194
3550
11352
5134
2109
5725
1556
5566
1569
9435
11872
9610
7304
7201
7447
10970
5903
1242
1052
5191
2125
4729
4551
5379
10821
995
1827
3178
10572
4912
8208
5606
63
12133
9949
5019
10609
5072
2250
4405
9394
5095
5693
2733
71
5265
11051
8163
411
1347
8130
919
5000
3576
5812
7662
3327
805
6857
3584
12236
1905
8323
579
9748
5639
76
9030
3023
638
541
3302
3329
9083
9045
649
3384
8707
2832
4814
718
8256
2356
7295
6901
7965
9639
11330
4854
10576
8568
6635
4623
10965
8818
3750
11163
9871
6308
5248
4614
8099
701
4910
7120
4811
10010
2105
6042
11365
887
6093
2306
8544
3730
1701
11214
4185
2713
11994
793
7058
10276
9791
2463
7222
4540
6573
7419
8731
11437
9406
12128
10036
3607
3311
10001
4900
10348
8647
8063
9606
10889
185
1365
881
7062
1884
7583
7411
4167
3575
11677
5684
2479
6232
10937
4353
4789
5547
10601
2446
5750
12049
12202
2612
1559
554
1814
10930
9723
5006
4558
4676
3136
954
8990
9918
2100
6231
1687
11619
8218
7337
2449
7261
5275
4853
10918
10829
9297
11172
3171
9669
7914
7630
745
10207
2599
9412
70
12173
11049
8169
3478
12008
5655
11817
7021
11715
2084
9333
7256
655
4453
236
6362
8695
3934
7177
9810
6786
6931
4696
1446
10090
359
2032
2544
9939
7027
1503
5636
5922
11582
2761
3464
5958
4839
5071
2734
966
6761
444
2871
3314
10175
10812
5518
4447
11540
1457
9461
3953
376
6336
11266
2478
241
9491
9267
5431
5270
1114
8197
10996
37
8046
11499
9135
11457
9519
9004
8608
8268
1039
9868
6692
10095
6361
8973
10444
8749
3783
7533
1211
10483
7710
4107
6876
7016
2758
11868
2244
2966
11887
8084
715
4888
1629
8440
1022
4383
6549
5911
8714
3701
1989
2211
9539
1843
3446
7996
3996
9337
11138
5399
6463
2270
5316
3167
5546
11447
5092
59
4841
1811
6627
7859
4682
2513
2129
4064
4058
1073
4402
2303
1642
3601
9375
6013
10896
11768
11302
7878
4319
10419
3199
1357
5542
4003
7118
5745
78
9985
1451
5605
9556
7258
5501
3573
4075
6878
3709
4941
9996
6618
956
991
3192
8775
3924
9569
4530
9735
11279
5618
5560
5659
9035
9663
597
10085
53
9040
9050
10792
11461
8936
1602
6376
6953
8442
11509
191
259
3658
1956
3431
3869
3549
4065
5044
5889
1245
8849
1389
9570
2260
9041
3234
3493
10852
4143
1555
6514
5997
4698
9051
8939
6189
3450
865
7612
6436
1743
10381
7112
7252
1512
8366
11407
9476
7431
9928
8740
9248
1585
7946
9253
8508
5185
7140
12253
2962
12056
11538
7305
1087
11786
5086
6195
6991
7391
6609
8394
10971
5077
1510
10111
1765
3246
6357
789
10956
4757
10986
3569
7279
276
7880
2898
894
10789
9145
4001
5676
6791
5489
2439
3781
6919
9036
4041
10226
6405
2845
5629
4872
10105
11466
4693
9910
4956
5969
7711
1728
6638
5781
5893
2769
11719
8002
7925
1860
12244
7452
8429
3107
1838
3258
306
4617
64
3205
9117
3570
8022
8770
7047
6558
6719
2557
187
6401
11140
6789
6492
4678
5719
7596
2087
10018
6371
6081
10883
3520
3021
10278
4090
4232
10191
6720
1337
7981
1121
2922
1448
4427
3095
914
6928
7124
11346
2669
10915
509
10433
981
4832
6312
4084
834
5827
4673
7672
11915
1762
9114
1243
11060
11035
4500
6460
1580
6516
7159
10215
2624
8689
6637
6504
3608
4692
8823
5111
5713
9309
4465
4348
8166
6979
10389
3449
7756
524
1072
9326
9590
11316
9591
1060
11202
1823
8024
9084
7135
1304
2924
11694
7804
86
9554
11170
8363
5955
6055
7517
8507
219
9524
6400
10839
5770
10788
3049
9678
6338
10924
9091
1012
8944
1257
11544
10696
11770
5983
2582
7219
11413
9845
7870
1653
10148
9172
3105
6900
7282
9020
11063
11132
1285
5975
11478
6073
6410
2505
3581
6157
8779
1751
5612
12147
3347
8289
3712
9578
8976
3702
3879
5193
5746
3442
1007
4327
2324
11367
8067
5797
9794
10073
3091
4222
440
9304
4410
6379
3614
1895
4739
402
4871
12055
10805
519
11961
2328
9649
11764
5229
9043
7200
6509
8661
10745
3505
5513
1476
9055
10898
4180
4609
9976
7569
1018
11319
10297
9547
12092
6997
11800
6387
7409
9179
5504
8486
9818
726
4482
5330
11405
7054
2304
7216
759
3213
9964
10478
12044
3962
8064
12054
612
4878
2697
9730
4742
10052
7176
1788
7245
3911
8463
10816
3212
10347
197
5137
8598
6241
2102
969
7063
6672
5282
4660
5842
31
3743
1364
3451
8389
10373
6166
10728
8522
10096
835
4928
5173
6710
3574
8294
3336
4018
10040
397
9475
4607
4944
1907
3072
9266
1333
1654
2765
8681
2780
5380
6806
4920
678
5079
9200
10332
3670
5753
257
6663
6930
1973
7888
10358
2530
8493
12127
8365
4042
7347
11395
7428
7130
5038
3490
9887
7495
6236
11507
11459
10251
11278
6256
5832
6700
11393
2220
2443
507
10445
6799
7574
2907
207
8837
2498
8270
4140
10100
60
12078
7564
5199
3150
6915
1276
1184
9642
1352
9523
9913
6332
777
3090
2532
2661
6737
702
11965
11071
12002
9633
6610
12234
10472
4414
2127
11884
3631
1411
6962
2269
1064
9875
4669
3951
1270
10376
5728
2333
1120
1988
11803
6909
2295
4898
11655
9133
389
11148
6675
6808
6339
4842
8523
100
7071
10416
7472
521
10509
11732
36
118
6641
6316
2354
8254
7492
6209
5440
4942
10327
2164
8660
5442
12159
11573
8315
5073
523
2123
1963
465
1071
4505
9019
3191
11648
10135
6060
7467
2177
4158
1482
878
10966
9970
9006
10357
5734
9858
4362
6446
9077
4675
8076
456
1111
206
8611
10650
9789
668
9901
7821
7267
610
4096
68
7383
2981
3733
5132
1141
8153
4151
9473
3625
4816
41
2473
5422
4714
5324
9232
3720
4351
926
5894
9781
4732
10714
1727
5302
11625
12263
8607
9109
11857
9453
11891
6170
3972
11646
6280
46
772
11889
2346
4964
5874
11296
11300
5895
10395
5222
334
1505
9793
965
2929
11169
877
5509
6839
8746
776
7415
11568
2043
9336
3115
1694
703
1652
4283
3390
9371
1819
473
4009
3699
4199
1805
8581
11142
7655
4277
6140
7425
169
5064
11962
4106
308
2813
1764
3118
1662
5075
432
7971
194
11421
11798
6689
338
11164
6595
2608
366
10366
6404
12237
2773
2823
7151
8692
11565
4169
1013
2018
837
5731
7619
2543
6682
905
10290
8881
9089
6670
6416
2010
6603
2752
6684
8997
8579
8408
7789
3809
9890
11920
4486
11986
2230
1467
4883
6265
10700
11939
7444
11557
6734
7104
1781
1372
2037
6473
1241
5264
8996
2302
7180
12194
10112
10514
9136
12174
5087
9582
11515
1326
8015
4726
10080
3085
392
10233
9769
1911
8942
10585
7108
1058
4717
9175
5822
3265
744
4082
4721
1193
4435
698
648
6015
5396
3984
4264
9397
8455
4947
9593
857
8605
4613
10049
7942
8664
1397
5424
3279
8271
9105
8438
1531
10567
5052
9059
7894
9392
6163
5117
8145
6973
9278
11453
6907
11141
7531
5048
10671
10891
4311
2149
7877
3188
7205
4644
12007
1729
9727
7793
7770
3571
11589
8790
1582
8023
6259
7137
4973
9067
2744
4474
3437
564
5941
10500
9074
7480
1178
3364
11427
10796
2459
9504
6234
6314
3402
1577
3177
9972
272
5548
9173
822
10679
6079
8288
2840
3465
4339
5334
6053
3916
5942
4291
1554
6318
1256
2575
2041
9198
5740
5933
2137
9465
1161
8550
11699
9092
1180
10783
165
2245
7150
5714
2862
3679
9884
5287
1002
4545
10106
11471
10408
2611
8632
3892
34
7610
7233
9860
11851
1986
9692
3639
8693
8959
7025
9788
360
11390
12245
10171
1940
1405
3534
11121
7800
3455
11213
11283
10795
4863
6059
11445
8400
1394
8073
4663
8624
10781
10023
217
5234
7381
6763
4049
9522
7962
2742
2520
5081
9127
6497
2344
11882
9081
1361
3163
3460
263
7432
8925
2457
6106
8701
10993
9205
3159
5277
1084
7298
11281
4305
7471
4788
11995
3602
11609
7141
1158
168
6182
472
10378
8629
1162
2536
11196
8233
3938
5754
1797
1637
4331
4067
9002
1741
9166
9693
9462
9688
9665
324
8948
10960
6233
4183
5375
11036
3516
11730
6104
7817
568
2635
11493
7211
6040
1425
10009
11810
9316
10015
8637
4147
6500
2910
11952
9995
9755
4735
7681
2791
10703
8453
682
9621
3203
7212
4002
12259
10936
5216
8884
7908
6052
4243
10707
6847
3082
10140
4800
2166
3111
2471
5855
11900
3802
1380
2195
4622
8375
5901
8667
704
4255
9212
7668
4748
2
5461
9017
705
265
12023
8397
791
10695
9500
4711
11438
9920
5858
6743
2605
1261
5539
10677
11945
7964
10087
9323
9652
10050
33
2500
9950
11763
3166
8085
10396
9695
4804
10150
5430
404
10760
3821
2843
5722
11156
1020
2931
8688
310
8999
2369
7881
10798
3604
11848
5376
11911
10733
7114
11937
679
4220
3948
6866
2236
6653
9063
1025
10502
5142
290
6849
11165
5283
2475
9783
11550
9194
7051
7283
9850
1981
5993
6899
9252
4649
43
1767
1953
4212
1358
2692
5045
5598
2515
2826
11954
6557
10341
11712
6154
3386
8200
5001
11863
196
9929
10422
1591
7359
5773
3180
6255
12186
4484
10636
1787
7924
3629
1017
7913
166
4901
1441
5936
2631
7636
7328
8826
1154
9366
8428
8599
10042
98
5457
8943
7519
5652
3723
11757
5058
8529
11706
6983
11344
9698
6135
5780
11430
12170
7160
3612
3939
12164
10580
7990
9792
8182
5348
7434
2778
872
1414
10157
4873
10919
11905
9817
6378
11665
11871
9941
5850
6594
2144
768
7485
3310
8797
7204
10875
10942
3038
3927
7941
9277
11855
7158
1282
12199
4502
6440
6869
3121
7584
9507
11601
11643
9460
7854
11782
11286
418
6780
5866
10622
8964
1976
11078
2325
11718
8025
8417
3089
4401
1264
12122
2810
10550
7085
10120
6662
8816
935
10405
9369
4137
10484
10329
3542
11450
6969
681
1880
1200
12015
3599
11491
2113
4737
12034
8280
7056
3209
8673
10861
510
9907
12048
4780
10513
7562
5233
10958
4508
6269
3591
5707
6217
11380
11969
12156
347
2973
9237
5892
5506
6967
4773
6892
6881
7307
2175
7545
7115
9469
5619
11778
294
790
10320
9489
11194
5150
7521
6296
7040
5327
313
5255
4948
10544
3843
9881
8877
1031
2482
6346
6224
527
3376
3055
2550
1118
9294
10166
8757
10854
6481
7015
688
8787
4109
9018
4418
2887
7645
127
3847
4936
3194
6347
1185
10316
10470
4032
8513
5370
4247
1491
5479
11638
6384
5785
3133
9624
1724
7776
11441
1730
11093
10344
11660
1752
7355
685
1529
1109
3405
9938
10663
6912
2950
778
6300
9066
11082
10720
8159
2561
11050
1217
4020
3469
4007
2866
5912
4142
11533
11251
11877
11762
4324
6267
11053
2445
1925
80
4477
7553
3456
9013
7370
2673
4803
4731
3068
12231
533
9305
6477
6597
6542
11878
9454
11525
7780
2330
1083
2076
3098
12224
8730
3832
280
1839
5154
6870
9154
647
116
3564
11081
8860
8908
3153
2632
8352
5820
2487
10811
3511
8700
10730
5947
5502
4954
11420
1888
10420
8207
8588
2488
8691
9493
3112
10104
10180
670
4261
6783
3113
1115
7202
8665
1029
2437
5360
2639
1074
9164
9667
1598
3099
12082
5126
4141
4521
4178
10139
7462
4281
10533
2058
5962
7465
913
4328
3651
11203
2850
11821
2327
3667
11802
11066
336
2839
4110
9546
4704
9160
12028
9851
6122
5682
2730
10543
11590
12184
3605
6374
163
9956
6396
6009
6647
9038
7890
10724
10097
1670
1660
1795
10476
9132
4747
1412
501
3700
9737
3061
7174
2792
10710
7861
9635
1934
455
12090
1181
1398
11998
7226
2939
1172
12264
4997
696
9449
2714
4589
2766
84
1112
8984
12039
7832
10980
12182
6214
7507
6879
9650
11500
11422
1177
12107
4868
6275
1565
3690
0
4270
2802
5179
4376
2518
1601
10556
2296
8753
9889
11376
7484
5439
7823
6345
9885
12161
11347
5571
1014
10222
958
8253
7269
9824
2384
1122
9494
390
8474
9434
2239
10133
2814
11522
11702
4926
4074
8055
8537
1842
3235
3565
2863
982
6539
1816
10562
5043
5657
10691
8831
9100
3294
9348
2180
11077
3739
11029
7762
3857
5356
2621
7511
799
9213
9852
5220
1955
10141
9139
10252
1059
8093
7847
4166
1828
2116
6726
9368
803
9758
3983
12087
10559
6614
4257
441
228
1548
9906
12188
10065
9399
9343
8962
1918
2854
3022
6632
846
2227
8185
6133
6114
9986
1275
3383
1421
672
8495
19
5609
4223
557
3906
8655
3480
7699
1495
1627
7348
2081
5109
5796
12000
4209
8267
1984
964
9516
94
8739
1813
325
818
87
10503
5262
8054
1576
9138
4783
847
10794
4242
4591
2509
2277
9837
83
8038
3510
3168
7732
231
458
9404
1287
6285
5416
11209
9485
6582
10271
5968
4476
883
9165
9944
7470
8204
11498
5616
2633
3836
5923
11791
4846
5758
205
850
11487
4201
1593
6403
10643
6977
760
9561
12105
9209
2660
7723
6352
10818
6420
155
5833
9513
9269
3256
1290
11656
812
6631
854
10355
8222
300
6884
5727
7358
10992
180
1427
5465
11455
5984
960
7557
11713
1305
6126
1521
9078
7451
461
8799
3052
888
5662
2732
4794
4039
8418
1367
8345
3475
2468
5472
2279
2531
5998
6974
7797
6381
3075
90
9202
10184
4442
525
9587
12100
856
5307
11222
3361
12145
5143
10076
2812
4787
4866
12010
10264
3553
2273
9103
11980
3762
6160
11182
7693
10412
6858
7179
11514
8033
3559
10179
1093
5260
10142
3019
1240
1794
9182
11398
10037
6
10620
188
4172
10666
6964
2696
2371
8951
5010
9073
1832
3228
813
4995
1203
4490
419
2741
4637
4501
1983
3345
2014
4139
6383
4487
3020
5692
4417
5650
2722
635
3556
6340
8272
2363
9447
8503
1969
5755
5382
11031
470
5690
5512
9562
3731
3950
1472
4061
2062
5932
6202
10331
10158
8755
6058
11275
3594
1649
4326
11396
11215
10056
839
5853
2782
12121
10652
7653
10005
3645
7361
9345
11126
3524
11831
5124
256
5819
4152
2725
1564
4960
95
9908
10776
7235
3006
9047
4330
4867
748
7591
8732
644
3448
2861
11787
8850
2553
6341
5818
5021
8967
10243
12208
5448
4268
11830
10675
11988
7239
2493
7856
3044
39
1799
6690
2925
3135
585
6646
2942
840
4859
10841
7741
12279
4395
3695
8889
6741
11452
8718
12116
7866
12258
6580
6765
6190
3519
6620
6412
3725
4439
6512
1271
8913
9058
9422
5582
11079
1683
8235
6439
11044
1631
967
8343
8653
11513
8299
7563
7125
7126
7218
3688
8630
10221
11161
7198
11662
1000
3009
12274
2943
335
5961
752
9977
9545
3853
2872
9577
146
9257
2569
8591
11567
2739
11101
8649
4285
222
8052
5224
10372
9405
5697
774
10541
7707
7292
3028
7498
5967
3389
10156
11836
7987
6184
8066
10719
4182
5257
10614
7704
10786
396
4290
4837
1368
5034
3176
223
12284
7170
1964
9990
9833
7209
3912
10535
1974
8287
8546
1494
11350
2251
9933
2467
2656
8426
3447
384
1338
9505
976
5883
3266
1543
11345
4746
8387
5397
2578
12036
35
6591
249
858
17
4045
9211
6602
7932
736
5196
7970
9721
2519
4055
2956
5980
4113
10020
8311
3106
7377
10517
7390
3965
4454
5838
7401
4812
10048
11777
9099
6022
8586
8346
8447
5940
6722
7725
8051
3271
5054
11270
1299
10074
3718
12218
7323
12210
12143
9822
2816
11262
2408
8897
10426
112
10352
9068
11166
817
4244
11173
4657
11747
6243
6289
9390
8255
4749
6067
478
8921
1755
8411
5671
4252
12079
342
8071
9549
9655
12262
2828
394
4430
10068
11558
826
10523
7042
4404
2710
7597
6795
11722
12061
9957
8013
10118
2589
11000
1079
1639
405
2873
6100
1332
9344
4951
9423
9437
7379
135
479
2465
3620
719
6309
8070
9003
10835
2088
8335
2699
7106
7423
8610
372
7529
664
1207
9221
4155
6747
7689
4978
5905
3910
7277
2365
885
4329
9012
282
1923
1259
9274
4916
3415
7164
2209
11691
4966
4668
11418
5323
9718
8318
860
6664
1321
851
11159
7876
4241
2339
10025
3409
10870
3406
12125
2528
1550
3200
7276
6466
5514
693
428
4
1342
10305
11388
2266
7153
11816
5480
2110
5435
9870
4715
7724
11385
10890
5163
5823
11439
9137
7395
9271
2984
6513
6023
5574
4634
4553
8961
3169
4710
1552
345
2972
6291
6643
5187
9235
1815
6531
6589
3740
301
602
3675
11537
3684
8919
3074
10467
5498
6363
12222
9383
4509
11951
5107
2546
766
6758
7349
2963
8338
3508
8014
7556
5897
10263
6693
8526
22
11485
11703
4076
8126
949
1362
4999
3300
5554
3795
5551
3838
10113
3822
11246
9031
448
2490
9056
3876
2035
3097
10934
3973
7450
2903
5538
8239
11073
8096
11133
9963
7029
1511
7947
1438
4421
8219
4537
8750
10319
7100
6262
9204
4654
8491
5210
8879
6976
8314
10799
1223
8966
11892
9984
9331
4366
8819
1667
3538
1486
10268
10770
3482
5266
3269
7392
1303
11753
10672
11236
7309
1036
1137
3125
9226
6841
490
1568
9690
9261
8792
7601
9005
9361
11111
8223
5042
8576
4672
10017
5318
5451
2364
11074
10737
5251
2073
2590
3680
10885
7754
1721
6713
4184
11624
4697
8709
8846
1173
4712
8910
12060
2153
2049
3309
7290
6096
9980
11992
11154
9632
10847
6406
3500
10471
10653
368
6642
4309
4700
3742
2027
6066
8337
3995
7194
8074
6517
11531
7744
5573
2583
3535
9379
11065
11870
2098
6825
4296
6954
2607
2419
2675
7939
3654
8748
8868
9832
10046
8348
1561
8098
5992
5469
3937
5371
11473
8181
4931
447
5768
11907
1604
10680
587
5406
8710
5726
8853
6856
8963
1919
10283
10235
651
6518
2453
6585
4640
12129
1171
2189
7148
12062
8851
9898
3428
3073
2938
2721
7077
11814
556
12080
1735
6208
4658
9915
351
6194
4098
6656
1975
8926
3980
8008
5408
7980
8785
1892
12166
829
8137
10072
620
1726
928
11370
3715
3190
8511
10496
5776
3586
9080
3716
4089
2948
10402
5529
11168
8053
6121
4544
3141
9429
6450
5530
7187
5452
2991
7911
4323
5218
8989
5074
7168
2731
7851
2322
552
7322
2949
9829
5122
6472
5076
10144
8725
9122
227
1165
3324
4602
7671
7565
7918
5630
2565
2008
9708
9677
4254
3238
6744
6534
5960
3216
10616
8564
5007
1306
6910
7963
9674
6716
7136
5765
10346
9341
430
3633
11440
4603
11508
408
5668
6197
11070
5951
1947
6863
6665
11211
4575
8899
9836
5631
8358
9975
6982
4914
871
8812
11990
4909
2078
10534
10172
11087
11679
10630
1080
2916
5367
1863
625
6914
10750
7440
4188
10511
9952
1460
821
6521
9497
2867
9242
5246
6920
8844
4578
6988
8334
5343
4925
5670
1295
9027
5209
3382
10213
9517
11131
12281
8306
3737
10109
7805
8191
5269
11056
1435
6098
5455
1164
7927
2707
6565
1854
11899
10590
4807
6068
1622
1737
9733
5540
5366
2486
6555
5500
4491
7000
1298
5649
11258
10248
7082
2711
11931
9313
2431
824
415
7241
867
2428
1035
9471
11235
9402
12059
9249
10740
11795
9111
1834
6479
10232
79
9039
3900
9580
3794
9997
6738
8325
6906
6790
5615
10813
10066
8623
1076
3509
7905
6499
7505
8075
2793
6812
7061
2609
4970
2908
7648
10778
7760
3880
9218
9186
1439
7520
11091
209
1294
5374
5925
7840
5252
4299
6696
128
307
3773
9310
4892
7433
5175
11725
5935
12130
4228
58
8541
3262
5310
7567
255
1858
937
8242
2238
11687
10963
1514
920
2136
6496
1422
8773
8430
10277
316
4203
8820
7117
3080
3966
4445
6113
8687
6469
764
10301
3710
5093
6948
5689
6844
8795
4781
4278
5386
11086
2029
3793
8937
10882
9159
570
9798
5113
99
2993
11123
10637
9527
12225
5594
5200
3240
6564
7023
6490
5691
831
1331
6717
8803
2988
2820
9942
7968
5803
3340
8454
5732
6730
1130
2497
645
2427
591
5484
11045
7099
9551
5868
4848
952
1906
10911
9846
1783
6552
8885
220
1288
574
8864
5702
8110
5053
6107
286
8578
11085
9314
4526
1105
994
5761
3410
2917
8569
5308
10920
9905
2905
9863
1212
8788
11402
1097
7594
551
5340
10287
12137
7620
11021
1994
9631
8175
5333
9999
8582
11523
1413
10240
10368
11377
11519
4478
7458
10409
11489
7223
6538
1836
12051
6430
6846
897
4344
6071
2630
7375
2822
7185
8444
7923
3922
5600
6728
676
12286
2407
4810
3220
8680
11130
11560
12150
7626
10640
10634
82
6735
10766
10387
2533
11746
1318
2033
534
8852
3036
9169
3619
10285
11960
5700
7399
10909
9811
9541
1875
11193
4852
11793
2190
11775
631
12252
6583
11238
5011
4024
1528
6203
1183
2990
4335
11642
5115
8719
10159
8451
6965
2140
8147
9988
6247
11815
3789
7624
2548
9433
7196
4963
562
9234
947
691
4253
4585
3137
4547
5908
3598
1371
8870
9181
8007
11150
1949
3610
646
7774
1826
8793
8817
1524
4904
3195
321
5205
5916
2952
6587
1589
3529
287
2282
11928
4340
11216
254
11716
11409
855
11806
1655
2754
7166
11423
5226
5521
2172
5387
4436
1266
2670
583
4397
5060
7849
2386
8171
1746
6714
4554
992
4919
10298
11755
4204
4135
4292
10537
6491
92
6334
2139
4120
9087
8392
10539
11034
4688
4528
476
10375
7310
2452
697
7605
3128
10345
3498
3432
9619
9451
6252
8593
8863
9150
7
240
2454
3051
886
9288
2526
1126
5867
3666
12287
6251
44
11726
2013
5964
10225
6451
7705
1691
1526
3030
1481
1944
2672
10247
6592
2307
5875
8458
11862
4170
5515
9862
2020
7718
3081
1145
248
8107
10545
8577
11325
278
8917
5078
11578
129
4088
1077
9853
9110
9144
5350
538
6174
7572
2685
11226
5569
6877
9427
3066
10323
5013
11469
1579
10244
6172
6454
11294
6150
9931
3891
2060
6842
8873
5237
401
5791
11404
8658
4546
6963
4066
716
5409
9891
2264
7028
1967
5499
11981
3445
8713
1313
12076
8435
6864
6874
8384
8172
8902
1716
3917
7590
8639
10721
7714
108
1044
1619
6282
9926
11176
607
4889
5646
8678
10577
3222
2933
1334
175
962
11613
9909
6116
2406
8545
1898
9102
7402
6600
10369
2996
8553
808
3816
5140
11896
10904
6155
1442
7524
4237
10404
10895
11676
5779
1128
5483
7872
9533
8009
5495
3860
8251
6129
5601
3378
5710
10529
9581
10808
134
5634
2221
3998
3800
3678
8924
8257
11767
2804
4590
11116
9328
1971
1920
10939
3782
3779
5581
10446
1179
91
4650
621
2829
4600
5578
3185
6729
10151
8982
115
8480
4022
5674
8062
10195
2818
11552
5563
4828
8716
10923
3116
6461
2726
7278
6567
1468
4629
3363
7784
6890
730
2425
9214
211
9515
2894
3059
4364
11975
8947
10475
10646
9896
10865
7427
8127
85
7389
10772
841
10265
8784
6773
1812
687
901
5810
7294
627
11704
6972
1410
7555
2501
7057
9085
2148
11061
7561
9373
6101
4245
801
2683
5332
4980
8155
6833
2447
2777
11614
656
2534
3381
8702
3758
974
12254
4262
6626
229
904
8500
2114
3470
8140
11914
2573
10131
2280
5937
9240
4651
11416
11494
8404
9724
10917
3418
12155
10947
601
917
6507
4078
10310
7837
9914
9442
5896
1055
3889
5924
784
1469
4934
10212
6057
787
8376
7586
459
7127
2634
1426
2080
2796
7404
2655
3047
769
4059
8855
6992
11695
10976
7706
5296
3013
9153
4911
9482
9848
6577
5695
3714
7700
6167
853
4630
9771
1192
1086
5259
6908
11553
7369
7022
8800
9395
4801
922
9892
9167
7497
6147
1204
9001
3458
1146
11160
11758
7186
5927
6865
11356
8303
12072
4005
3903
10604
1709
3915
11743
10536
11657
2214
2253
1129
10082
8715
5898
10019
3452
3572
8981
6621
74
6674
11205
6344
11028
7421
7845
10398
7356
10188
4588
2320
6258
2362
5012
11012
2036
377
9550
2024
5453
9790
1796
5215
1147
8801
10522
12101
5651
5917
10596
4515
3299
11026
2124
2844
9300
5836
234
11083
5084
5664
11923
1277
7335
8373
4541
9238
1584
1166
10982
3435
10747
7321
10884
10628
11354
10174
7066
4874
5680
4493
1910
4420
2255
3527
5238
3988
4488
7984
6548
1377
8252
6740
6151
3890
8728
11853
159
9762
9464
7008
5813
7184
413
1938
10333
9191
8357
4150
4539
555
10950
12108
10867
4446
11850
10026
2271
5717
2946
3204
9483
8524
487
7365
10639
354
9572
8409
4267
3928
8900
2799
4485
4862
6279
7886
9357
9894
8501
4190
7858
7627
5847
391
6759
530
2111
11119
2101
576
10837
1519
12019
8531
2376
3539
3436
8370
6709
4159
10064
9071
1900
5413
7523
3104
2420
9229
9773
4905
4186
2909
2314
11501
11635
4408
2095
6010
6669
3398
484
7675
7829
2794
8274
1997
6014
970
11644
2499
8954
10044
7717
5301
8754
6989
12032
3391
9518
10210
130
8494
4133
4193
671
1820
9386
7618
11935
6468
5419
442
11745
1066
10178
11340
588
9490
6544
1575
7398
4440
9141
7342
10038
1159
1995
9732
4407
232
2152
5481
12200
7656
6836
3270
5685
6913
2441
1153
4256
9993
5148
599
10767
11705
7617
7614
12058
9495
1100
11771
2926
800
9528
4225
10462
9959
9303
11125
6425
1945
2865
596
5805
11549
3627
4529
1904
4248
2760
3908
5811
3392
7702
5003
838
2231
1344
177
11431
203
2381
6820
12256
503
1549
9374
2684
10732
5135
2567
423
65
1693
2234
8167
7382
641
3015
3952
6486
8778
5133
10690
10881
8988
7701
1314
5239
575
6069
10540
8580
12181
3757
10452
1717
677
11894
